4 0.277555 0.352975 0.400860 0.287088
4 0.276038 0.663358 0.172044 0.039965
4 0.288862 0.572531 0.212509 0.037716
4 0.222003 0.754464 0.071265 0.037572
0 0.051460 0.093900 0.081142 0.036850
4 0.242590 0.617627 0.112484 0.037319
4 0.298266 0.801662 0.218457 0.040148
4 0.200518 0.708207 0.028479 0.038179
4 0.726451 0.662754 0.032265 0.039281
0 0.976755 0.974540 0.046369 0.037096
4 0.735869 0.800320 0.051920 0.039228
2 0.298780 0.091593 0.095521 0.031989
2 0.171579 0.091677 0.129661 0.034255
0 0.988277 0.092609 0.021956 0.035183
1 0.192447 0.846122 0.012408 0.026235
4 0.726512 0.708679 0.034086 0.039201
0 0.401669 0.800953 0.016129 0.034963
4 0.729007 0.572494 0.036589 0.034633
0 0.017646 0.974156 0.025545 0.036572
0 0.752940 0.800665 0.017308 0.036980
1 0.715865 0.754349 0.013226 0.032886
0 0.353621 0.663722 0.017368 0.035675
1 0.716643 0.617965 0.014326 0.029290
0 0.039237 0.025743 0.019903 0.038626
0 0.983257 0.027961 0.020259 0.040543
0 0.923371 0.025769 0.020791 0.040365
0 0.953211 0.027211 0.021877 0.041278
0 0.740468 0.572132 0.015842 0.034446