0 0.039331 0.019807 0.024960 0.038163
0 0.053324 0.087607 0.082445 0.032479
0 0.041411 0.220770 0.043491 0.040599
0 0.138227 0.220770 0.126692 0.042222
0 0.303684 0.289381 0.015884 0.036539
0 0.258375 0.741789 0.014223 0.033929
0 0.349241 0.879766 0.013696 0.033929
0 0.017120 0.980986 0.024758 0.035060
0 0.785520 0.926700 0.015560 0.039584
0 0.973188 0.981552 0.051096 0.033929
0 0.917878 0.017410 0.018437 0.032798
0 0.947113 0.016904 0.020017 0.033808
0 0.976875 0.019166 0.019490 0.038332
1 0.190950 0.788158 0.008955 0.020357
2 0.171987 0.084702 0.129056 0.036191
2 0.298146 0.085267 0.095870 0.030536
2 0.985672 0.087529 0.028656 0.037322
4 0.246260 0.879766 0.121681 0.036191
4 0.332669 0.882028 0.043762 0.033929
4 0.246260 0.927831 0.121681 0.037322
4 0.201222 0.741223 0.031606 0.035060
4 0.243363 0.741223 0.045382 0.035060
4 0.214128 0.627562 0.031079 0.038453
4 0.258902 0.401936 0.120628 0.037322
4 0.213074 0.448305 0.031079 0.035060
4 0.214128 0.495240 0.030025 0.033929
4 0.240992 0.288274 0.107986 0.033929
4 0.732196 0.448870 0.030552 0.033929
4 0.731669 0.494674 0.031606 0.032798
4 0.734303 0.541609 0.035820 0.036191
4 0.721012 0.740996 0.030633 0.035321
4 0.785115 0.879843 0.158838 0.035321
4 0.749092 0.927953 0.085659 0.036539