4 0.344123 0.341116 0.145106 0.045623
4 0.531648 0.341349 0.147699 0.045271
4 0.344385 0.844377 0.145955 0.044630
4 0.501562 0.641803 0.085422 0.043820
4 0.291474 0.290107 0.040548 0.046240
4 0.314088 0.694039 0.085570 0.043952
4 0.314074 0.641858 0.085986 0.043101
4 0.531184 0.844546 0.146354 0.045021
4 0.343763 0.893458 0.146087 0.045312
4 0.501940 0.693369 0.085894 0.046485
4 0.291437 0.239306 0.039470 0.043159
0 0.618679 0.491224 0.030399 0.042265
4 0.343860 0.491188 0.146475 0.044948
2 0.303976 0.100139 0.038182 0.033586
4 0.531159 0.893217 0.146530 0.044611
0 0.225368 0.101280 0.097688 0.033668
0 0.618710 0.642295 0.031838 0.043022
0 0.618574 0.693181 0.032141 0.043384
4 0.532083 0.491225 0.145778 0.045306
4 0.283510 0.591992 0.024886 0.043262
0 0.618692 0.592540 0.031751 0.042057
0 0.970037 0.971780 0.051812 0.040370
0 0.091685 0.101496 0.148041 0.036057
4 0.313517 0.542213 0.084888 0.044141
0 0.618705 0.542341 0.031182 0.043253
4 0.279868 0.743359 0.017645 0.041955
4 0.471268 0.592605 0.024475 0.041803
4 0.287166 0.794239 0.031288 0.044769
0 0.618499 0.844116 0.030261 0.042639
0 0.618895 0.893351 0.030164 0.041025
0 0.619130 0.341093 0.029767 0.042342
0 0.970964 0.101741 0.050204 0.041615
4 0.614777 0.794358 0.085907 0.044615
4 0.500977 0.543237 0.084217 0.045952
4 0.572658 0.542450 0.060158 0.045672
0 0.030908 0.028335 0.022730 0.044310
4 0.435647 0.793231 0.278375 0.042007
0 0.915020 0.029698 0.022941 0.044301
0 0.981124 0.029329 0.023485 0.047528
0 0.948760 0.030082 0.023989 0.044927