4 0.366527 0.184423 0.100235 0.044792
0 0.555409 0.184666 0.024377 0.043950
2 0.240654 0.184237 0.144295 0.045199
4 0.201228 0.337329 0.084810 0.044193
4 0.479688 0.340102 0.130946 0.045691
2 0.089075 0.185387 0.144202 0.044032
0 0.526075 0.184465 0.024202 0.042663
0 0.027354 0.284576 0.023398 0.043368
0 0.284348 0.841974 0.022543 0.041271
0 0.354629 0.841946 0.107029 0.044284
0 0.901228 0.971114 0.080673 0.040535
0 0.073411 0.842031 0.022400 0.041808
0 0.261503 0.841660 0.021570 0.040116
0 0.050164 0.841546 0.022865 0.041883
1 0.082825 0.438386 0.015325 0.033125
0 0.502174 0.184463 0.022651 0.043151
4 0.201655 0.386244 0.084804 0.042909
4 0.514119 0.387550 0.198296 0.044810
4 0.435353 0.184778 0.039200 0.044396
4 0.170336 0.842421 0.163597 0.045887
2 0.221181 0.095799 0.039022 0.031554
2 0.171414 0.438150 0.145451 0.044485
0 0.461971 0.842031 0.107225 0.044630
0 0.089659 0.288671 0.056435 0.039062
0 0.577607 0.841472 0.024564 0.043921
0 0.532850 0.841561 0.026046 0.045110
2 0.152422 0.095885 0.082745 0.032928
0 0.060116 0.096221 0.085537 0.032652
0 0.972204 0.970294 0.049395 0.037670
0 0.913692 0.096236 0.059305 0.033128
0 0.974130 0.095910 0.046968 0.033051
4 0.468800 0.678375 0.125573 0.043428
4 0.212885 0.640227 0.262006 0.042865
4 0.867800 0.184689 0.031070 0.044376
4 0.890912 0.185166 0.017564 0.044369
4 0.468659 0.637980 0.124682 0.043008
4 0.212909 0.679529 0.264014 0.041340
4 0.467587 0.717969 0.124382 0.042028
4 0.468574 0.757387 0.124965 0.041870
4 0.617828 0.678435 0.116915 0.042694
0 0.044955 0.438739 0.014283 0.032222
4 0.906395 0.677414 0.073496 0.042003
4 0.617834 0.638400 0.117038 0.042640
4 0.212512 0.719014 0.263460 0.043039
4 0.360159 0.757583 0.035706 0.040595
4 0.060977 0.718214 0.043842 0.041398
4 0.060888 0.637776 0.044123 0.042547
4 0.733293 0.678458 0.117136 0.043240
4 0.060894 0.678613 0.043788 0.042368
4 0.360315 0.717912 0.036075 0.041144
4 0.906237 0.716909 0.072832 0.041763
4 0.392142 0.718040 0.031196 0.040294
4 0.907708 0.637301 0.074202 0.043252
4 0.544386 0.678494 0.032741 0.041800
4 0.359938 0.678293 0.036007 0.042711
4 0.618167 0.717538 0.117363 0.042249
4 0.831377 0.678230 0.081629 0.042790
4 0.544410 0.717809 0.033210 0.040321
0 0.146777 0.286135 0.017827 0.036118
4 0.733433 0.637712 0.118380 0.043593
4 0.831377 0.638321 0.081420 0.041843
4 0.733594 0.717884 0.118868 0.042022
4 0.360027 0.637381 0.035708 0.042032
4 0.392130 0.678465 0.030762 0.042241
4 0.906136 0.757079 0.072741 0.040702
4 0.618472 0.756831 0.117980 0.040961
4 0.392193 0.757328 0.031205 0.040226
4 0.213400 0.758246 0.263848 0.041695
4 0.831602 0.756860 0.081829 0.040595
4 0.733574 0.757273 0.118818 0.040712
4 0.544489 0.757216 0.032752 0.038925
4 0.544174 0.637704 0.032493 0.042130
4 0.831086 0.717194 0.080990 0.041384
4 0.392167 0.637303 0.031235 0.042138
0 0.950650 0.024861 0.023173 0.043954
0 0.917915 0.024643 0.022616 0.043591
0 0.030588 0.023588 0.021190 0.042012
0 0.983834 0.025238 0.021089 0.043149
4 0.060768 0.758689 0.044576 0.037429
0 0.312063 0.968619 0.079180 0.034175