0 0.198822 0.143759 0.074532 0.030438
0 0.099475 0.366217 0.036783 0.048553
0 0.679934 0.515945 0.033015 0.085890
0 0.680235 0.498299 0.032416 0.042236
0 0.125962 0.145950 0.040197 0.032974
0 0.269688 0.144002 0.035345 0.031416
0 0.759222 0.144879 0.028106 0.036600
0 0.669012 0.517146 0.161496 0.099904
0 0.652401 0.291081 0.129149 0.103000
2 0.332310 0.142657 0.058065 0.032172
0 0.508250 0.514434 0.151423 0.103064
0 0.494206 0.497711 0.035163 0.044259
0 0.077629 0.144193 0.029538 0.035550
0 0.528522 0.975108 0.025636 0.033359
0 0.494921 0.386603 0.032952 0.042082
0 0.036591 0.038667 0.038920 0.053457
0 0.433317 0.974398 0.031277 0.033125
0 0.099185 0.217207 0.070480 0.030501
0 0.494063 0.509087 0.035128 0.073805
0 0.143434 0.369046 0.034958 0.043625