0 0.916883 0.088246 0.059417 0.034293
0 0.974429 0.087856 0.043102 0.032802
2 0.034633 0.087472 0.037022 0.033731
0 0.566588 0.195832 0.019272 0.040353
0 0.028920 0.022958 0.019501 0.039743
0 0.928511 0.194501 0.020640 0.038905
0 0.955242 0.195231 0.015826 0.035524
0 0.952423 0.023751 0.021554 0.041124
0 0.401857 0.196147 0.017372 0.033557
0 0.922453 0.022662 0.021438 0.040005
0 0.530390 0.195779 0.022394 0.038139
0 0.496896 0.195952 0.034537 0.039540
0 0.983240 0.024171 0.019629 0.041221
0 0.591210 0.194825 0.019730 0.038516
0 0.463037 0.196387 0.022270 0.035629
0 0.900119 0.195317 0.020206 0.040024