2 0.786162 0.676429 0.138959 0.052055
2 0.786345 0.735497 0.139564 0.052143
0 0.111635 0.198658 0.022975 0.047458
0 0.151451 0.801113 0.066849 0.051398
0 0.084230 0.198909 0.023637 0.047387
4 0.753484 0.260219 0.299962 0.056500
0 0.165673 0.198938 0.022915 0.046514
4 0.081560 0.455943 0.159039 0.051154
2 0.785779 0.913604 0.137745 0.050235
4 0.457521 0.854803 0.057327 0.049992
4 0.081084 0.503067 0.160209 0.051323
0 0.426585 0.378843 0.023304 0.049131
4 0.461599 0.794381 0.065395 0.049657
4 0.457517 0.735095 0.057284 0.050653
0 0.138952 0.199065 0.022449 0.046411
4 0.457654 0.913700 0.057832 0.048380
2 0.786182 0.854302 0.138711 0.050584
4 0.204140 0.503091 0.089735 0.050704
2 0.785940 0.794632 0.140811 0.052381
2 0.544230 0.556832 0.250911 0.049975
4 0.081326 0.364884 0.159867 0.049479
4 0.203941 0.455370 0.089141 0.050910
4 0.204152 0.549628 0.089518 0.050382
4 0.080561 0.410055 0.161122 0.049007
4 0.457281 0.675793 0.057166 0.048872
4 0.081995 0.550070 0.158537 0.050950
0 0.078539 0.124202 0.106825 0.040407
0 0.057646 0.801272 0.111673 0.053346
4 0.080473 0.596527 0.160821 0.050695
4 0.204037 0.409559 0.089848 0.048215
0 0.921784 0.259719 0.025485 0.050677
0 0.400057 0.379178 0.023469 0.048151
4 0.204367 0.596333 0.089506 0.049387
4 0.204147 0.641881 0.090041 0.048018
4 0.081088 0.642683 0.159740 0.049144
4 0.081495 0.689223 0.158235 0.051234
2 0.786062 0.972543 0.137311 0.049533
4 0.491165 0.259707 0.201664 0.054664
4 0.203802 0.364024 0.088773 0.048532
0 0.010364 0.199956 0.020727 0.047274
4 0.203987 0.317857 0.089225 0.052243
0 0.377255 0.125995 0.117166 0.041511
4 0.080268 0.318109 0.156896 0.052671
2 0.560511 0.125605 0.041349 0.038914
0 0.226912 0.125808 0.171371 0.044083
0 0.973078 0.126268 0.051979 0.043280
0 0.381094 0.499640 0.046248 0.045875
4 0.461489 0.970908 0.065427 0.047641
2 0.487281 0.125117 0.088055 0.040897
4 0.206035 0.687862 0.093251 0.051319
2 0.051786 0.199824 0.033412 0.040714
0 0.399925 0.319161 0.022228 0.047072
0 0.307647 0.498080 0.065257 0.045874
0 0.446377 0.499583 0.048028 0.044563
1 0.683693 0.557403 0.015897 0.035500
0 0.912567 0.041366 0.024128 0.050871
0 0.039892 0.039829 0.022352 0.049158
0 0.982711 0.039991 0.025565 0.053831
0 0.947960 0.040985 0.024885 0.052537
0 0.235286 0.199824 0.021070 0.027685
4 0.204677 0.940326 0.089998 0.052120
4 0.080567 0.941013 0.160956 0.053114
4 0.080898 0.979401 0.161398 0.035904
0 0.515522 0.498664 0.056188 0.048857