0 0.086123 0.197474 0.022454 0.046459
0 0.112720 0.197060 0.023048 0.045833
4 0.762485 0.853548 0.203011 0.054509
4 0.755098 0.258493 0.297903 0.058166
0 0.166675 0.197843 0.022345 0.047981
0 0.139988 0.197517 0.022671 0.046520
4 0.493615 0.258970 0.197675 0.056983
0 0.427883 0.378707 0.023085 0.048753
0 0.401465 0.378404 0.023520 0.048973
0 0.922774 0.258812 0.026042 0.052212
0 0.079807 0.123363 0.107283 0.039538
0 0.698594 0.615157 0.024962 0.049017
4 0.536231 0.675217 0.290752 0.051974
0 0.383206 0.125565 0.121959 0.042686
0 0.011828 0.198141 0.023589 0.050432
2 0.569949 0.124855 0.041666 0.039258
0 0.227974 0.126463 0.168812 0.043117
0 0.973985 0.126042 0.051719 0.044722
2 0.496990 0.124942 0.087930 0.041378
0 0.401045 0.318907 0.021897 0.049010
4 0.535209 0.615948 0.291657 0.049452
0 0.080848 0.566440 0.070867 0.039784
0 0.071269 0.745462 0.051702 0.039195
0 0.447172 0.498615 0.049810 0.046080
0 0.062911 0.686268 0.035666 0.038059
0 0.100357 0.449305 0.113889 0.039377
0 0.382108 0.498990 0.050677 0.045858
0 0.093004 0.627558 0.096728 0.038656
0 0.084438 0.328306 0.085799 0.041527
2 0.060340 0.197945 0.019360 0.045374
0 0.067718 0.507178 0.045621 0.040728
0 0.236357 0.199670 0.021386 0.032416
0 0.328624 0.502007 0.020299 0.035682
0 0.043369 0.198794 0.018555 0.046483
0 0.068221 0.389953 0.047251 0.037441
0 0.516243 0.497879 0.059260 0.050864
0 0.075635 0.806001 0.057978 0.039267
0 0.244203 0.575528 0.124747 0.044963
0 0.017762 0.802290 0.033608 0.045547
0 0.041014 0.039616 0.023849 0.053641
0 0.948777 0.040795 0.025544 0.054706
0 0.913200 0.041094 0.025483 0.055545
0 0.098843 0.983608 0.121188 0.032783
0 0.984477 0.040281 0.026454 0.054254
0 0.205525 0.337107 0.048924 0.040798
0 0.212059 0.395685 0.062080 0.037803
0 0.238382 0.516491 0.112126 0.040616
0 0.012586 0.941396 0.012286 0.028033
0 0.028851 0.983303 0.012587 0.027029
0 0.029887 0.941123 0.013097 0.028414
0 0.235251 0.458998 0.103245 0.039241
0 0.222345 0.280710 0.073009 0.040947
0 0.105457 0.271326 0.128319 0.049477