0 0.246761 0.077834 0.019705 0.028445
0 0.217388 0.077244 0.019002 0.027894
0 0.066875 0.180580 0.016851 0.027300
0 0.676078 0.303152 0.034003 0.033755
0 0.087141 0.180222 0.018606 0.027013
0 0.499419 0.076334 0.020171 0.027021
4 0.342342 0.268349 0.091276 0.030238
0 0.477889 0.076575 0.020123 0.027501
4 0.342632 0.774693 0.091325 0.031523
4 0.317227 0.302346 0.039997 0.031767
0 0.315944 0.076658 0.020737 0.028861
0 0.045932 0.180753 0.017055 0.027527
4 0.341745 0.740524 0.090954 0.032407
0 0.659332 0.740905 0.033424 0.034851
4 0.523494 0.302620 0.041296 0.033185
4 0.342625 0.639978 0.092011 0.031578
4 0.548455 0.740473 0.091692 0.032115
4 0.548520 0.268211 0.091364 0.030269
4 0.341952 0.876322 0.090970 0.032238
0 0.676249 0.267270 0.033673 0.032800
0 0.268759 0.078258 0.018369 0.027844
0 0.527469 0.076073 0.018971 0.027119
0 0.659366 0.876243 0.033708 0.035123
4 0.548471 0.876351 0.091123 0.032401
0 0.196715 0.077167 0.017553 0.026752
0 0.549055 0.075445 0.018083 0.026815
0 0.289575 0.078048 0.018851 0.028353
0 0.139334 0.180944 0.072230 0.023810
2 0.113367 0.078270 0.140508 0.033031
0 0.449896 0.076034 0.021160 0.029142
0 0.025281 0.180854 0.019401 0.028092
0 0.385569 0.075528 0.022359 0.029495
0 0.359855 0.075922 0.020883 0.030256
0 0.338444 0.076296 0.017170 0.029728
0 0.428968 0.075680 0.018892 0.029008
0 0.111476 0.471065 0.155882 0.033031
0 0.407942 0.075430 0.019732 0.029201
4 0.303620 0.403381 0.013703 0.031517
0 0.026942 0.076985 0.019674 0.028143
0 0.019432 0.028526 0.016860 0.022324
3 0.055857 0.707350 0.012696 0.020376
4 0.630980 0.437372 0.669532 0.033482
3 0.055678 0.842275 0.012537 0.020741
3 0.055678 0.604904 0.015487 0.025350
4 0.564159 0.402678 0.500000 0.031112