4 0.345602 0.440788 0.144543 0.040481
4 0.344522 0.486858 0.147269 0.041142
4 0.495280 0.712292 0.069469 0.039217
4 0.293404 0.758246 0.040001 0.038859
4 0.307974 0.712385 0.069660 0.038810
4 0.480409 0.758145 0.039438 0.039232
4 0.346282 0.531784 0.146050 0.039982
4 0.532455 0.486871 0.145288 0.042102
4 0.532509 0.532330 0.145534 0.041111
4 0.479988 0.395566 0.038582 0.039121
4 0.292851 0.395667 0.039816 0.039491
4 0.532392 0.576662 0.144684 0.040147
4 0.346053 0.576539 0.146530 0.040211
4 0.315595 0.802687 0.083698 0.038314
4 0.346055 0.622737 0.144801 0.041013
4 0.532043 0.622361 0.145004 0.039975
4 0.322900 0.350843 0.099221 0.039005
4 0.509679 0.667146 0.098763 0.039353
0 0.228010 0.087948 0.098569 0.030628
4 0.510588 0.351176 0.098591 0.038613
4 0.321913 0.667322 0.098091 0.038856
4 0.296080 0.893628 0.046025 0.038369
4 0.533098 0.441038 0.142326 0.041105
0 0.618653 0.350935 0.031178 0.039170
2 0.187548 0.847776 0.171922 0.039871
4 0.502629 0.802946 0.084383 0.039884
2 0.480247 0.087742 0.038575 0.029338
4 0.322898 0.847603 0.099324 0.039094
0 0.618817 0.531719 0.029767 0.039063
0 0.952466 0.974589 0.052394 0.036102
0 0.094028 0.088591 0.148507 0.030297
0 0.618987 0.576721 0.029812 0.038236
0 0.618926 0.757980 0.031447 0.039096
0 0.342238 0.088230 0.109485 0.030999
0 0.619070 0.486968 0.030677 0.039182
0 0.618779 0.712562 0.031324 0.039705
0 0.619010 0.441194 0.031262 0.038929
0 0.428848 0.088387 0.046978 0.029785
0 0.618982 0.622239 0.030456 0.038146
0 0.954486 0.088017 0.050555 0.036324
0 0.618869 0.395399 0.031770 0.038511
0 0.589424 0.214437 0.016310 0.035241
0 0.626981 0.215277 0.059383 0.038529
0 0.618882 0.667214 0.030975 0.038824
1 0.242962 0.214965 0.015903 0.026607
0 0.033018 0.023437 0.021391 0.039224
1 0.145307 0.214334 0.013992 0.025010
1 0.339126 0.215800 0.014322 0.025858
0 0.899072 0.023773 0.023459 0.039786
0 0.931934 0.024360 0.023801 0.040073
0 0.964659 0.024767 0.023581 0.040765
4 0.558233 0.216269 0.075017 0.039919
1 0.039438 0.215576 0.012184 0.022990