0 0.090732 0.869652 0.016987 0.029136
0 0.036532 0.869929 0.015428 0.028533
0 0.019618 0.870095 0.016516 0.029756
0 0.111576 0.869397 0.019442 0.030485
0 0.073623 0.869529 0.017364 0.028905
0 0.052930 0.869595 0.016505 0.028634
1 0.101414 0.486666 0.012067 0.022729
0 0.926195 0.985687 0.051816 0.028626
1 0.101287 0.514172 0.011971 0.022827
1 0.101661 0.817510 0.011958 0.022653
1 0.101357 0.790811 0.012024 0.022179
1 0.101434 0.763966 0.012197 0.022571
0 0.983214 0.070833 0.033571 0.026499
1 0.101541 0.459510 0.012277 0.022830
4 0.521252 0.870549 0.033707 0.030569
4 0.398699 0.133742 0.091522 0.030024
1 0.101593 0.736238 0.012490 0.023574
1 0.101170 0.320467 0.011446 0.022576
1 0.101694 0.431873 0.012300 0.023704
1 0.101536 0.403812 0.012192 0.023738
1 0.101242 0.542056 0.011898 0.023398
1 0.101358 0.376076 0.011660 0.023139
1 0.024405 0.819398 0.012050 0.023565
1 0.101139 0.624881 0.011633 0.023676
4 0.646411 0.542419 0.079896 0.029920
4 0.646520 0.708742 0.079548 0.030388
4 0.646587 0.569849 0.080198 0.029381
4 0.646486 0.680630 0.079495 0.031064
4 0.646726 0.596595 0.080400 0.029526
0 0.075070 0.070803 0.126266 0.027081
2 0.241705 0.070636 0.059946 0.026217
4 0.646390 0.736399 0.079274 0.029806
4 0.645912 0.514276 0.078848 0.029902
4 0.646112 0.763688 0.078926 0.029560
4 0.538740 0.624662 0.093489 0.031303
1 0.101094 0.293868 0.011685 0.022244
4 0.596250 0.708728 0.023344 0.028743
4 0.596325 0.680557 0.022906 0.029771
1 0.101524 0.708368 0.012400 0.023698
1 0.101123 0.597941 0.011807 0.022114
4 0.595830 0.625141 0.023422 0.028649
0 0.046370 0.168863 0.061677 0.027010
0 0.959311 0.237347 0.018238 0.028603
4 0.647054 0.624168 0.080535 0.030784
1 0.024473 0.458943 0.011615 0.021660
4 0.538763 0.569880 0.093119 0.028908
4 0.596165 0.736429 0.023396 0.028160
4 0.810418 0.624559 0.094228 0.031604
4 0.538756 0.680056 0.093629 0.030513
1 0.024438 0.237235 0.011802 0.021500
4 0.646025 0.486770 0.078907 0.029676
1 0.101389 0.680919 0.011982 0.023295
4 0.750854 0.763153 0.028491 0.028164
4 0.461566 0.133562 0.034050 0.029751
1 0.024493 0.790774 0.011813 0.023529
4 0.538591 0.514747 0.093055 0.030035
4 0.146734 0.570065 0.067032 0.029361
1 0.024481 0.763457 0.011750 0.022455
4 0.902608 0.680146 0.093091 0.030976
1 0.024506 0.486452 0.011729 0.022599
4 0.146632 0.597287 0.066957 0.029480
4 0.810417 0.679579 0.093959 0.031050
4 0.595847 0.597248 0.023683 0.028435
4 0.645848 0.790443 0.078620 0.028569
1 0.101258 0.266387 0.012453 0.023575
1 0.024303 0.293558 0.011310 0.021170
4 0.902545 0.624592 0.093760 0.031344
0 0.976735 0.985243 0.046530 0.028593
4 0.146720 0.542066 0.067186 0.029892
4 0.596169 0.763576 0.023812 0.027790
4 0.902504 0.736180 0.093480 0.030283
1 0.101163 0.570799 0.011709 0.022762
0 0.175973 0.069757 0.061291 0.025123
2 0.292107 0.070315 0.029298 0.024827
4 0.596105 0.652923 0.023530 0.028681
4 0.751004 0.735868 0.028486 0.028739
4 0.810542 0.569601 0.094318 0.029248
4 0.538616 0.736171 0.093335 0.029795
4 0.750971 0.815551 0.028250 0.024433
4 0.902689 0.708779 0.092544 0.030610
4 0.750780 0.790235 0.028560 0.028068
1 0.024260 0.597572 0.011271 0.021612
1 0.101176 0.653225 0.011631 0.023440
4 0.646246 0.459294 0.079012 0.029061
4 0.596043 0.570003 0.023372 0.028104
1 0.024436 0.432318 0.011508 0.021599
4 0.810797 0.596823 0.093574 0.030492
0 0.953752 0.070806 0.013551 0.024656
4 0.146453 0.513867 0.067664 0.029973
4 0.146465 0.624479 0.067650 0.030142
4 0.146499 0.679626 0.067638 0.030243
1 0.024498 0.514078 0.011714 0.021941
4 0.596078 0.542460 0.023340 0.028384
4 0.645818 0.816171 0.078371 0.025623
4 0.646411 0.431800 0.079183 0.029399
4 0.538962 0.596862 0.093952 0.030479
1 0.024496 0.736413 0.011726 0.022727
4 0.810480 0.735526 0.093623 0.030816
4 0.146616 0.403318 0.066977 0.029940
4 0.646451 0.652915 0.079388 0.029475
4 0.810783 0.707935 0.093789 0.030534
4 0.596072 0.790290 0.023490 0.026760
4 0.810187 0.763313 0.093364 0.029425
4 0.146606 0.431287 0.066966 0.029562
4 0.539681 0.708716 0.094891 0.030271
4 0.810553 0.514138 0.094106 0.030437
1 0.024331 0.320255 0.011340 0.022021
1 0.101254 0.349399 0.011107 0.023207
4 0.538396 0.763433 0.093323 0.029704
1 0.024406 0.404730 0.011458 0.022051
4 0.810598 0.542560 0.093867 0.030229
1 0.025353 0.708899 0.011908 0.020763
1 0.024310 0.265850 0.011324 0.021351
4 0.538817 0.652992 0.093295 0.029020
4 0.538824 0.542722 0.093561 0.030066
4 0.146381 0.458452 0.067661 0.028927
1 0.024415 0.541912 0.011531 0.021522
4 0.336286 0.264165 0.314878 0.026302
4 0.146363 0.485916 0.067693 0.029471
4 0.596075 0.514212 0.023519 0.027784
4 0.646514 0.404120 0.079426 0.030072
1 0.024266 0.570255 0.011254 0.021309
4 0.647322 0.375519 0.080132 0.029514
4 0.146260 0.735769 0.068014 0.029133
4 0.810185 0.790341 0.093221 0.029098
4 0.750916 0.542047 0.028674 0.028962
4 0.901955 0.763559 0.092270 0.029794
4 0.538535 0.816490 0.093222 0.025847
4 0.902503 0.569557 0.093666 0.028871
4 0.538503 0.790554 0.093362 0.028779
4 0.146351 0.375027 0.067513 0.029671
4 0.726738 0.790352 0.021458 0.027985
4 0.596233 0.816075 0.022572 0.024382
4 0.171290 0.134330 0.223982 0.032486
4 0.810688 0.652794 0.092936 0.029358
4 0.146375 0.707482 0.067826 0.030088
1 0.025463 0.681239 0.011684 0.021167
4 0.750888 0.513943 0.028663 0.028758
4 0.902390 0.597125 0.091829 0.029932
4 0.751233 0.708225 0.028400 0.029659
4 0.146592 0.652530 0.067236 0.028995
4 0.902001 0.790986 0.092418 0.029241
1 0.024489 0.376491 0.011634 0.022243
4 0.595982 0.486577 0.023136 0.027993
1 0.101938 0.237333 0.013677 0.023913
4 0.810477 0.815737 0.093359 0.025138
4 0.902389 0.514552 0.093578 0.029805
4 0.145808 0.816331 0.068014 0.025683
4 0.750564 0.679325 0.028999 0.029971
4 0.726625 0.763110 0.021347 0.028077
4 0.146250 0.762834 0.068291 0.028776
4 0.726452 0.816084 0.022325 0.024966
4 0.596108 0.431869 0.023439 0.028096
4 0.539244 0.487060 0.093504 0.029551
4 0.751123 0.569677 0.028457 0.028899
4 0.750501 0.623888 0.029705 0.029393
4 0.539883 0.431814 0.095159 0.029686
4 0.596093 0.459288 0.023236 0.027416
4 0.902854 0.652871 0.092757 0.029562
4 0.902169 0.816499 0.091885 0.025853
4 0.539903 0.404004 0.095348 0.030220
4 0.750945 0.486115 0.028321 0.028498
4 0.596164 0.404141 0.023201 0.028583
4 0.902644 0.542608 0.093148 0.030283
1 0.025413 0.653431 0.011745 0.022797
4 0.539555 0.459493 0.094330 0.029054
4 0.810731 0.486706 0.093403 0.029887
1 0.024315 0.624428 0.011315 0.022509
4 0.751065 0.596684 0.028458 0.029057
4 0.810492 0.430835 0.093778 0.030760
4 0.647292 0.319001 0.080167 0.028270
4 0.146053 0.789915 0.068510 0.027916
4 0.810731 0.458800 0.093657 0.029394
4 0.726817 0.513718 0.021154 0.028409
4 0.901972 0.486716 0.091154 0.029906
1 0.024385 0.348685 0.011402 0.024756
4 0.751082 0.458769 0.028124 0.028283
4 0.539913 0.376372 0.095388 0.030307
0 0.990750 0.021416 0.017397 0.033295
4 0.596276 0.376524 0.022942 0.029175
4 0.902520 0.431699 0.092191 0.030080
4 0.810821 0.403232 0.094084 0.030424
4 0.146689 0.320375 0.066444 0.028845
4 0.647486 0.266020 0.080180 0.027550
4 0.902247 0.459297 0.091643 0.029514
4 0.726879 0.541803 0.021109 0.028628
4 0.646972 0.348339 0.080684 0.029049
4 0.902668 0.403869 0.092529 0.030586
4 0.810584 0.375137 0.095168 0.030019
4 0.146348 0.348333 0.067350 0.029035
4 0.646782 0.292666 0.080821 0.028692
4 0.751404 0.652337 0.027833 0.028252
4 0.147047 0.266376 0.065972 0.028437
4 0.146883 0.293544 0.066353 0.028606
0 0.023073 0.020858 0.015278 0.031235
4 0.902952 0.375688 0.093174 0.030297
4 0.726612 0.735850 0.021503 0.028639
0 0.025888 0.168759 0.026216 0.025843
4 0.902525 0.238024 0.092313 0.029601
4 0.726784 0.485926 0.021184 0.028265
4 0.750803 0.430788 0.028648 0.029620
4 0.336453 0.320342 0.314945 0.031664
4 0.810414 0.265269 0.094226 0.028994
4 0.336825 0.432370 0.314841 0.030864
0 0.965987 0.021308 0.017266 0.032359
0 0.943044 0.020886 0.016912 0.031178
4 0.810542 0.319223 0.095264 0.029403
4 0.538734 0.265947 0.092856 0.027707
4 0.539014 0.319125 0.093481 0.028345
4 0.902758 0.293087 0.093369 0.029698
4 0.337642 0.376098 0.312597 0.032305
4 0.726837 0.458608 0.021421 0.028172
4 0.902708 0.320090 0.093560 0.029780
4 0.750905 0.374967 0.027778 0.029039
4 0.727049 0.624439 0.020576 0.028561
4 0.727071 0.569381 0.020904 0.028607
4 0.727149 0.596472 0.020613 0.028469
4 0.337914 0.515393 0.312278 0.031302
4 0.726868 0.652345 0.021527 0.028434
4 0.902857 0.265288 0.093419 0.028305
4 0.337788 0.570451 0.313029 0.030987
4 0.902848 0.348164 0.093340 0.029409
4 0.336632 0.625471 0.309730 0.033791
4 0.540097 0.348560 0.095627 0.029498
4 0.336775 0.290891 0.313310 0.027151
4 0.539242 0.291796 0.093412 0.025341
4 0.596451 0.266003 0.019219 0.024436
4 0.596451 0.293607 0.020113 0.027151
4 0.596675 0.321210 0.020560 0.024436
4 0.598239 0.347456 0.018325 0.024436
4 0.727183 0.265550 0.021453 0.025341
4 0.726736 0.292701 0.019666 0.027151
4 0.726513 0.319853 0.019219 0.027151
4 0.727407 0.347456 0.019219 0.029866
4 0.727407 0.375060 0.020113 0.027151
4 0.726960 0.404021 0.020113 0.028961
4 0.726960 0.432530 0.021007 0.026246
4 0.750872 0.403569 0.026817 0.026246
4 0.751095 0.267813 0.023688 0.026246
4 0.750648 0.294059 0.025476 0.026246
4 0.809645 0.347456 0.095200 0.028056
4 0.809422 0.293154 0.092071 0.026246
4 0.749978 0.320758 0.025029 0.027151
4 0.749978 0.347456 0.025029 0.026246
4 0.726184 0.682896 0.019955 0.028109
4 0.726401 0.708809 0.020389 0.025474
4 0.335546 0.405315 0.311036 0.026353
4 0.336847 0.348657 0.311904 0.023717
4 0.336196 0.460655 0.313205 0.022839
4 0.336630 0.485251 0.311470 0.026353
4 0.336847 0.544105 0.311036 0.022839
4 0.336630 0.595932 0.311470 0.022839
4 0.336630 0.653469 0.311470 0.025474
4 0.336847 0.681139 0.311904 0.028109
4 0.336630 0.709249 0.312337 0.028109
4 0.336847 0.736480 0.311904 0.029866
4 0.335546 0.765468 0.311904 0.026353
4 0.336413 0.793138 0.310168 0.028988
4 0.335763 0.816416 0.313205 0.022839