0 0.912357 0.970997 0.038940 0.043929
2 0.090008 0.111673 0.150569 0.044059
0 0.401415 0.114498 0.053997 0.037701
0 0.248767 0.114301 0.061175 0.035891
0 0.678886 0.114270 0.022872 0.035512
0 0.327332 0.114466 0.060655 0.036092
0 0.487931 0.114509 0.083543 0.038240
0 0.972460 0.113619 0.029343 0.035734
0 0.964753 0.971759 0.047883 0.039640
2 0.735176 0.113650 0.057648 0.037030
0 0.557414 0.114369 0.021834 0.037515
0 0.638541 0.112045 0.021045 0.027192
0 0.929008 0.115367 0.022938 0.037674
0 0.188531 0.114558 0.022117 0.037341
0 0.598096 0.112125 0.018562 0.029602
0 0.889049 0.115228 0.022414 0.037586
0 0.027939 0.033531 0.022666 0.042769
1 0.150892 0.363705 0.016251 0.028360
0 0.993818 0.176414 0.012364 0.034931