4 0.413484 0.134509 0.061567 0.030218
4 0.126585 0.134701 0.060562 0.030078
1 0.017458 0.768637 0.012019 0.022780
1 0.017494 0.741391 0.011979 0.022718
1 0.017553 0.714267 0.012044 0.022583
4 0.400081 0.169479 0.034270 0.030909
1 0.017671 0.548770 0.012158 0.022610
1 0.017426 0.465762 0.011408 0.021837
1 0.017449 0.438535 0.011465 0.021883
1 0.017458 0.493708 0.011732 0.022825
1 0.017588 0.687244 0.011994 0.021962
1 0.017604 0.521781 0.011982 0.022697
0 0.923401 0.981747 0.050318 0.027365
4 0.463416 0.630708 0.075774 0.029920
4 0.518320 0.521206 0.036260 0.028959
4 0.518246 0.548416 0.036272 0.028770
4 0.463774 0.769472 0.075833 0.029847
4 0.463830 0.494176 0.075896 0.029559
1 0.017462 0.411101 0.011667 0.021821
4 0.518325 0.493941 0.036109 0.029379
4 0.463440 0.603777 0.076038 0.029147
4 0.255958 0.134613 0.028090 0.031460
4 0.518424 0.631203 0.036110 0.029684
4 0.518301 0.769072 0.036160 0.029013
1 0.017442 0.384071 0.011607 0.021393
4 0.463746 0.521285 0.075694 0.029004
4 0.361282 0.328501 0.088782 0.029246
1 0.017614 0.660346 0.011968 0.021959
4 0.463826 0.466296 0.075867 0.029578
4 0.518224 0.575997 0.036381 0.029730
4 0.518343 0.658956 0.035934 0.029685
4 0.266517 0.630950 0.102711 0.030538
4 0.361090 0.631166 0.088828 0.030155
4 0.361381 0.769529 0.089570 0.030577
0 0.515451 0.071211 0.039276 0.023378
4 0.518156 0.713253 0.036084 0.028047
4 0.518505 0.796259 0.036108 0.027819
4 0.463569 0.548647 0.075058 0.028964
4 0.416057 0.548898 0.022343 0.028114
1 0.017581 0.272884 0.011806 0.023215
4 0.416132 0.821928 0.022329 0.025110
4 0.416079 0.521689 0.022464 0.028939
4 0.362391 0.867783 0.033288 0.030514
4 0.518199 0.686134 0.036134 0.028521
4 0.518455 0.603916 0.036198 0.029250
4 0.463751 0.741409 0.075775 0.029876
4 0.463856 0.796768 0.075970 0.028953
4 0.518188 0.740744 0.036090 0.028656
4 0.416011 0.494172 0.022419 0.029129
4 0.361188 0.494448 0.089244 0.030044
4 0.463532 0.576233 0.075308 0.030193
4 0.415938 0.769210 0.022484 0.028583
4 0.416043 0.796708 0.022539 0.028040
1 0.017571 0.632192 0.011889 0.022464
4 0.361341 0.466404 0.089619 0.030550
4 0.267050 0.466159 0.102451 0.030645
0 0.975718 0.981893 0.046576 0.026662
4 0.518269 0.465758 0.035996 0.028988
0 0.329431 0.071376 0.038708 0.023425
4 0.360994 0.548767 0.089411 0.029130
4 0.126838 0.169816 0.060444 0.030949
0 0.843056 0.072113 0.072038 0.025239
4 0.463250 0.328038 0.076140 0.029472
4 0.415960 0.465960 0.022347 0.028479
4 0.361601 0.659424 0.089749 0.030182
4 0.361331 0.521646 0.089346 0.029065
1 0.017387 0.329333 0.011464 0.021665
1 0.017486 0.796913 0.012211 0.024121
4 0.266755 0.576236 0.102113 0.030758
0 0.137665 0.866890 0.018357 0.031660
4 0.463527 0.658421 0.075412 0.030148
4 0.360809 0.576162 0.089022 0.030778
1 0.017442 0.357226 0.011547 0.021164
4 0.361193 0.604239 0.088820 0.029659
0 0.635592 0.071553 0.038780 0.023883
4 0.266702 0.603854 0.102508 0.029814
4 0.463781 0.438276 0.075844 0.029638
0 0.576091 0.071627 0.072156 0.024739
0 0.379045 0.071433 0.050360 0.024036
0 0.756312 0.071412 0.091996 0.024633
4 0.518311 0.821571 0.035765 0.025616
4 0.361443 0.355830 0.088303 0.029838
4 0.266926 0.521544 0.102051 0.029016
4 0.266804 0.494174 0.102828 0.030532
0 0.449854 0.071246 0.081581 0.024653
4 0.266452 0.659191 0.102689 0.030335
4 0.361206 0.301681 0.088955 0.028133
4 0.463811 0.713549 0.075692 0.028926
4 0.361105 0.741538 0.089217 0.030049
4 0.463516 0.300925 0.075968 0.028484
4 0.415918 0.741038 0.022518 0.028352
4 0.266880 0.328724 0.102642 0.029196
4 0.518161 0.437589 0.035916 0.028814
4 0.361086 0.797247 0.089321 0.029666
4 0.463884 0.686322 0.075574 0.029236
4 0.267050 0.769081 0.102322 0.030771
4 0.267497 0.548640 0.103627 0.029314
4 0.361084 0.438503 0.089041 0.029831
4 0.361101 0.713912 0.089285 0.028794
4 0.463561 0.355398 0.075382 0.029930
4 0.416142 0.576248 0.022524 0.029010
4 0.415929 0.437973 0.022336 0.028535
4 0.266864 0.438417 0.102695 0.029976
0 0.282655 0.071606 0.045778 0.023688
4 0.266976 0.383576 0.102087 0.029979
4 0.361101 0.686891 0.089243 0.029153
0 0.682358 0.071476 0.045945 0.024082
0 0.053059 0.071928 0.085723 0.024967
0 0.208720 0.071013 0.090972 0.024959
4 0.266915 0.355904 0.102701 0.029960
4 0.415897 0.713679 0.022560 0.027849
4 0.360964 0.383397 0.088950 0.029265
4 0.361281 0.822182 0.089184 0.026652
4 0.518125 0.410238 0.035926 0.027978
4 0.267075 0.686785 0.101919 0.030048
4 0.463825 0.410549 0.075760 0.028712
4 0.463815 0.821813 0.075208 0.025724
4 0.266658 0.301545 0.102023 0.028585
0 0.981718 0.071513 0.036492 0.027597
4 0.463817 0.383329 0.075629 0.029252
4 0.360979 0.410954 0.088929 0.028747
0 0.896787 0.072118 0.028996 0.025586
4 0.149439 0.604116 0.135390 0.030224
0 0.809506 0.178287 0.175108 0.027873
4 0.415894 0.686669 0.022626 0.028338
4 0.266907 0.410786 0.102688 0.028808
1 0.017569 0.604684 0.011866 0.022525
4 0.415883 0.410681 0.022356 0.027929
0 0.129228 0.072043 0.058104 0.024916
4 0.415876 0.659011 0.022730 0.029134
1 0.017361 0.301946 0.011330 0.022047
4 0.148505 0.576142 0.137031 0.031639
4 0.518181 0.383185 0.035952 0.028586
4 0.149684 0.631178 0.135081 0.030826
4 0.415843 0.383596 0.022349 0.028606
4 0.149638 0.356041 0.134738 0.030265
1 0.017497 0.576013 0.011941 0.024079
4 0.267191 0.741290 0.102529 0.030298
4 0.415846 0.631257 0.022827 0.029352
4 0.415936 0.604058 0.022731 0.029152
4 0.415821 0.301215 0.021730 0.027448
4 0.720296 0.769428 0.082623 0.030274
4 0.148894 0.494236 0.137395 0.029691
4 0.148981 0.466203 0.137666 0.029899
4 0.267195 0.713720 0.102558 0.029125
4 0.415790 0.355919 0.022298 0.028952
4 0.149493 0.328670 0.134728 0.029803
4 0.149727 0.383615 0.134381 0.029926
4 0.149993 0.659014 0.134164 0.030878
4 0.148520 0.548493 0.136566 0.028908
4 0.150031 0.438403 0.133889 0.030566
4 0.148747 0.521424 0.137037 0.029075
4 0.149900 0.410767 0.134089 0.029607
4 0.267071 0.821391 0.101321 0.025468
4 0.415737 0.328418 0.022049 0.028700
4 0.518210 0.355632 0.036122 0.029281
4 0.266650 0.796945 0.102336 0.030273
4 0.720445 0.741187 0.082807 0.029979
4 0.720558 0.796881 0.083285 0.029339
4 0.148883 0.713546 0.138038 0.029488
4 0.148885 0.741454 0.137917 0.030061
4 0.518438 0.328564 0.036070 0.028699
4 0.719943 0.821550 0.081984 0.025812
4 0.148547 0.769282 0.137069 0.029397
4 0.150236 0.686571 0.133559 0.030054
4 0.149300 0.301384 0.134963 0.029958
1 0.017240 0.825706 0.012716 0.024342
4 0.147797 0.796982 0.135631 0.029343
4 0.546805 0.796262 0.022628 0.026925
4 0.518296 0.301039 0.036027 0.028173
4 0.146349 0.272644 0.131657 0.031034
4 0.643728 0.437361 0.026237 0.028794
4 0.720506 0.713396 0.082798 0.029089
4 0.147651 0.821435 0.138330 0.026361
4 0.546919 0.822006 0.022912 0.025844
4 0.546712 0.769213 0.022426 0.027508
4 0.643759 0.409950 0.026263 0.027813
4 0.643936 0.796430 0.025996 0.028276
4 0.668006 0.821704 0.024410 0.025179
4 0.546917 0.576359 0.023099 0.029128
4 0.643300 0.822015 0.025416 0.025338
4 0.643503 0.768780 0.026931 0.028024
0 0.988326 0.024151 0.019548 0.031188
4 0.546936 0.686518 0.023305 0.027933
0 0.940333 0.023691 0.016316 0.029999
4 0.643767 0.465624 0.026211 0.028917
4 0.720429 0.686043 0.082713 0.029471
4 0.360854 0.273623 0.089558 0.029749
4 0.546988 0.604496 0.023025 0.028753
4 0.547023 0.631801 0.023318 0.028670
4 0.546832 0.713657 0.022789 0.027441
0 0.964007 0.024026 0.017261 0.029812
4 0.546732 0.741254 0.022462 0.027513
4 0.644008 0.576079 0.025628 0.029265
4 0.464344 0.273150 0.077356 0.029403
4 0.546984 0.659182 0.023391 0.028408
4 0.667647 0.768841 0.025738 0.028715
4 0.643671 0.740428 0.026357 0.028818
4 0.617470 0.576046 0.027685 0.028424
4 0.643680 0.712902 0.026467 0.028062
4 0.546845 0.521122 0.022585 0.027796
4 0.617165 0.686532 0.027285 0.027067
4 0.720393 0.658764 0.082748 0.029875
4 0.617831 0.768718 0.027854 0.028357
4 0.643705 0.685921 0.026415 0.028538
4 0.643846 0.383000 0.026158 0.028390
4 0.772561 0.796186 0.023386 0.027466
4 0.546838 0.548257 0.023142 0.027728
4 0.617966 0.658340 0.027642 0.029089
4 0.617344 0.631188 0.027930 0.027489
4 0.617985 0.713276 0.027557 0.028176
0 0.020662 0.023004 0.014436 0.027699
4 0.772673 0.713488 0.023689 0.027711
4 0.772551 0.821511 0.023034 0.025764
4 0.617921 0.465659 0.027904 0.027872
4 0.773152 0.769084 0.023329 0.028167
4 0.643724 0.520978 0.026357 0.026507
4 0.643773 0.658560 0.026323 0.029054
4 0.618121 0.796463 0.027615 0.028197
4 0.772547 0.740915 0.023510 0.028355
4 0.720501 0.631781 0.083295 0.029312
4 0.618007 0.740776 0.027676 0.028451
4 0.546737 0.493909 0.022392 0.028162
4 0.643447 0.630906 0.026360 0.027686
0 0.805215 0.142027 0.167437 0.026238
4 0.618029 0.521083 0.028275 0.026828
4 0.643990 0.603900 0.025880 0.029630
4 0.618062 0.437698 0.027610 0.028693
0 0.814944 0.492994 0.188907 0.024418
0 0.815440 0.457124 0.189601 0.023445
4 0.667546 0.574752 0.025113 0.028761
4 0.643952 0.493994 0.026319 0.029530
4 0.772779 0.686480 0.023761 0.028276
4 0.643974 0.301076 0.025681 0.028699
4 0.643944 0.355666 0.025931 0.028761
4 0.617962 0.604089 0.027870 0.028832
4 0.546677 0.466033 0.022336 0.027511
4 0.618055 0.410087 0.027652 0.028195
4 0.667716 0.465440 0.025501 0.027886
4 0.667673 0.521099 0.025506 0.027173
4 0.266526 0.273399 0.102529 0.029348
4 0.668224 0.410179 0.024004 0.027805
4 0.415889 0.273520 0.020955 0.028276
1 0.017275 0.278170 0.011013 0.019979
4 0.643964 0.328427 0.025775 0.028668
4 0.617976 0.822510 0.026820 0.025592
4 0.547198 0.302257 0.021492 0.028054
4 0.547408 0.328612 0.021913 0.029755
4 0.546987 0.357091 0.021913 0.028905
4 0.547619 0.383445 0.020649 0.027204
4 0.547408 0.411500 0.021913 0.028905
4 0.547408 0.437854 0.022756 0.027204
4 0.668142 0.795761 0.021492 0.022104
4 0.667720 0.742202 0.022335 0.023804
4 0.668352 0.714148 0.021070 0.030605
4 0.667720 0.683543 0.022335 0.028905
4 0.667509 0.655913 0.022756 0.024654
4 0.667720 0.632110 0.021492 0.022954
4 0.668142 0.604905 0.022335 0.029755
4 0.618205 0.493963 0.026127 0.027204
4 0.618837 0.547946 0.026549 0.024654
4 0.667931 0.547946 0.024442 0.024654
4 0.644121 0.547946 0.023177 0.022954
4 0.668563 0.492688 0.024020 0.028054
4 0.668142 0.436579 0.023177 0.026354
4 0.617783 0.301832 0.025284 0.023804
4 0.617783 0.329037 0.023599 0.028905
4 0.618416 0.357091 0.024863 0.027204
4 0.618205 0.383870 0.024442 0.026354
0 0.810999 0.215969 0.179941 0.025504
0 0.812895 0.248274 0.177834 0.034005
0 0.816688 0.283554 0.187105 0.031455
0 0.816898 0.319685 0.184998 0.035706
0 0.815634 0.424252 0.187526 0.025504
0 0.816056 0.390246 0.184998 0.032305
0 0.816477 0.357516 0.187526 0.024654
0 0.814370 0.529668 0.186684 0.030605
0 0.815213 0.567925 0.188369 0.020403
0 0.804081 0.110133 0.165683 0.027771