4 0.211028 0.174478 0.130852 0.035476
4 0.159405 0.219208 0.028364 0.035476
4 0.190606 0.265481 0.089252 0.035476
4 0.183420 0.310212 0.075637 0.033933
4 0.082066 0.489905 0.127827 0.037018
4 0.081877 0.525381 0.128205 0.037018
4 0.082066 0.562014 0.127827 0.034705
4 0.082445 0.596333 0.128583 0.035476
4 0.082066 0.631037 0.127827 0.035476
4 0.081877 0.667670 0.128205 0.034705
4 0.082256 0.702375 0.129718 0.034705
4 0.082256 0.737465 0.128205 0.035476
4 0.082445 0.773326 0.127827 0.037790
4 0.082445 0.809188 0.129340 0.037018
4 0.082066 0.844278 0.128583 0.036247
4 0.081688 0.880525 0.127827 0.033162
4 0.082634 0.915230 0.128205 0.036247
4 0.082066 0.939523 0.129340 0.013882
4 0.544588 0.489905 0.038575 0.037018
4 0.544210 0.525766 0.037819 0.034705
4 0.544210 0.561628 0.038575 0.032391
4 0.544399 0.595561 0.038953 0.038561
4 0.544210 0.631037 0.038575 0.032391
4 0.544021 0.665356 0.037440 0.036247
4 0.544210 0.701218 0.037062 0.035476
4 0.543832 0.737079 0.037819 0.036247
4 0.544021 0.772941 0.037440 0.037018
4 0.544021 0.809959 0.038197 0.035476
4 0.544399 0.845435 0.038197 0.035476
4 0.544399 0.879754 0.038197 0.034705
4 0.544210 0.914844 0.038575 0.035476
4 0.544399 0.940294 0.038197 0.015424
4 0.662960 0.490291 0.071855 0.034705
4 0.662960 0.525766 0.071855 0.036247
4 0.662771 0.561242 0.072234 0.036247
4 0.662960 0.596333 0.071855 0.035476
4 0.662582 0.630652 0.072612 0.034705
4 0.663150 0.666513 0.072990 0.035476
4 0.663339 0.702375 0.072612 0.039332
4 0.663339 0.738236 0.073368 0.038561
4 0.663150 0.775254 0.072234 0.033933
4 0.663339 0.808802 0.072612 0.037790
4 0.663150 0.845049 0.072990 0.037790
4 0.663528 0.880140 0.072234 0.035476
4 0.662960 0.915230 0.072612 0.037790
4 0.662582 0.942222 0.073368 0.016196
1 0.009076 0.489134 0.009833 0.020052
1 0.008887 0.526152 0.010211 0.021594
1 0.009266 0.560085 0.010211 0.023136
1 0.008887 0.595561 0.010211 0.020052
1 0.009076 0.631423 0.010589 0.022365
1 0.009644 0.666899 0.009455 0.019280
1 0.008698 0.702375 0.009833 0.020823
1 0.009076 0.737465 0.009833 0.020052
1 0.008698 0.773712 0.009833 0.021594
1 0.009266 0.809188 0.010211 0.020052
1 0.009266 0.844664 0.009455 0.020052
1 0.008887 0.879368 0.010967 0.023136
1 0.009076 0.914844 0.010589 0.020052
1 0.008887 0.944922 0.010967 0.006170
1 0.715339 0.490291 0.009455 0.020823
1 0.746161 0.488748 0.011346 0.022365
1 0.777173 0.489519 0.009833 0.020823
1 0.714961 0.525381 0.010211 0.020052
1 0.746540 0.526152 0.009833 0.020052
1 0.777362 0.524610 0.010211 0.021594
1 0.714961 0.561242 0.008698 0.020823
1 0.746161 0.561628 0.009833 0.021594
1 0.777551 0.560085 0.009833 0.023136
1 0.714961 0.595947 0.010967 0.019280
1 0.746351 0.595947 0.010967 0.020823
1 0.777929 0.596333 0.010589 0.020052
1 0.715717 0.631808 0.011724 0.021594
1 0.714583 0.666513 0.010211 0.021594
1 0.746351 0.632580 0.011724 0.021594
1 0.746351 0.666513 0.010211 0.021594
1 0.746540 0.702375 0.011346 0.020823
1 0.746351 0.737851 0.009455 0.023908
1 0.746351 0.774098 0.010967 0.017738
1 0.745972 0.808417 0.010211 0.021594
1 0.746351 0.844278 0.011724 0.022365
1 0.746540 0.879754 0.009833 0.023908
1 0.746351 0.915616 0.010967 0.018509
1 0.715150 0.914844 0.010589 0.020052
1 0.714583 0.946079 0.010967 0.010026
1 0.746729 0.944922 0.010211 0.009255
1 0.777740 0.947235 0.010211 0.013882
1 0.715150 0.880140 0.010589 0.023136
1 0.715150 0.844278 0.011346 0.022365
1 0.714772 0.808417 0.010589 0.023136
1 0.714961 0.773712 0.007942 0.020052
1 0.714961 0.701218 0.010211 0.021594
1 0.715717 0.738622 0.010211 0.020823
1 0.777551 0.631423 0.009833 0.022365
1 0.776794 0.666899 0.010589 0.019280
1 0.777173 0.701603 0.009833 0.020823
1 0.777740 0.738236 0.009455 0.020052
1 0.777362 0.772170 0.009455 0.020052
1 0.776794 0.808417 0.009833 0.021594
1 0.777929 0.843893 0.010589 0.020052
1 0.777362 0.879754 0.009455 0.020823
1 0.776984 0.915230 0.010967 0.020823
0 0.889683 0.976927 0.063913 0.036247
0 0.957757 0.975770 0.059375 0.037018
0 0.044437 0.398130 0.060888 0.041646
0 0.113267 0.399287 0.051055 0.037790
0 0.171697 0.401986 0.038575 0.037018
0 0.222563 0.400444 0.035171 0.033933
0 0.308978 0.309441 0.129340 0.033933
0 0.377241 0.172936 0.020800 0.035476
0 0.461009 0.174864 0.019666 0.036247
0 0.013426 0.027562 0.016262 0.030077
0 0.027797 0.092344 0.052568 0.030077
0 0.100787 0.098128 0.077528 0.027764
0 0.192308 0.093886 0.088117 0.030077
0 0.963618 0.087716 0.048408 0.036247
0 0.912374 0.027562 0.019287 0.039332
0 0.940927 0.028333 0.022691 0.037790
0 0.972884 0.029104 0.020044 0.042417
2 0.279858 0.094272 0.076394 0.029306
2 0.342069 0.095043 0.038197 0.029306