4 0.268867 0.459842 0.396386 0.287253
4 0.287918 0.682106 0.207104 0.032495
4 0.235374 0.728899 0.102016 0.035094
4 0.224312 0.774391 0.078663 0.035094
4 0.209255 0.819884 0.048550 0.035094
4 0.233223 0.866026 0.096485 0.031195
4 0.309120 0.866026 0.046706 0.033795
4 0.236295 0.912819 0.102630 0.038994
4 0.774336 0.726299 0.136431 0.035094
4 0.745760 0.773091 0.078048 0.037694
4 0.726708 0.819884 0.039946 0.035094
4 0.746067 0.866026 0.079892 0.036394
2 0.267731 0.087186 0.114788 0.037976
2 0.386367 0.083796 0.095550 0.042045
2 0.510453 0.083796 0.130820 0.044758
2 0.639669 0.083796 0.100680 0.039333
2 0.985122 0.091933 0.029755 0.042045
0 0.255868 0.774153 0.016673 0.033908
0 0.227331 0.820267 0.014749 0.036620
0 0.323522 0.865025 0.017314 0.036620
0 0.014749 0.974885 0.026933 0.039333
0 0.973900 0.977598 0.052200 0.036620
0 0.776581 0.774831 0.014108 0.037976
0 0.739708 0.818233 0.016032 0.035264
0 0.776901 0.863669 0.018597 0.036620
0 0.071181 0.269609 0.101321 0.042045
0 0.196229 0.268253 0.123124 0.042045
0 0.330896 0.267574 0.120559 0.043402
0 0.429652 0.266218 0.051302 0.043402
0 0.499230 0.264184 0.059638 0.050183
0 0.568488 0.265540 0.048095 0.050183
0 0.671091 0.264862 0.139156 0.048827
0 0.833013 0.262827 0.157753 0.052896
0 0.917019 0.024797 0.016673 0.037976
0 0.948762 0.023440 0.023727 0.043402
0 0.978902 0.024118 0.018597 0.042045
0 0.037514 0.023440 0.016032 0.024413
0 0.056111 0.089899 0.095550 0.032551
0 0.157753 0.088543 0.083365 0.029839