0 0.120373 0.170282 0.019597 0.037549
0 0.097623 0.170365 0.019952 0.037357
0 0.051181 0.170365 0.020335 0.038879
0 0.248867 0.170733 0.019399 0.037600
0 0.142905 0.170668 0.017678 0.037876
0 0.188062 0.171057 0.021119 0.038655
2 0.037028 0.086966 0.036010 0.030100
0 0.935908 0.088246 0.034555 0.035690
0 0.021310 0.170419 0.021594 0.042092
0 0.074788 0.170603 0.019705 0.037900
0 0.210629 0.171242 0.017904 0.037240
1 0.928616 0.262971 0.012413 0.023142
0 0.978858 0.087332 0.042284 0.032367
1 0.015968 0.297890 0.014827 0.027067
1 0.015866 0.332973 0.014894 0.027643
1 0.929184 0.297146 0.013078 0.025854
2 0.227244 0.171090 0.016593 0.037311
1 0.015466 0.262873 0.015446 0.028033
2 0.159633 0.171079 0.017082 0.037335
0 0.989488 0.025598 0.020162 0.039716
0 0.031504 0.024162 0.019450 0.035980
4 0.875614 0.297522 0.079553 0.035612
0 0.959287 0.024817 0.020821 0.038174
4 0.105547 0.297598 0.072038 0.033745
0 0.929248 0.024740 0.020662 0.036189
4 0.777639 0.297947 0.122448 0.036001
4 0.680751 0.297988 0.072731 0.035400
4 0.208964 0.297176 0.134436 0.035419
4 0.046018 0.262493 0.042478 0.029758
0 0.075811 0.262493 0.014749 0.032139