0 0.239472 0.656252 0.017730 0.033206
0 0.478700 0.614756 0.017763 0.033109
0 0.467053 0.815390 0.018614 0.033616
0 0.510186 0.815395 0.018271 0.032583
0 0.140772 0.815948 0.017767 0.034339
4 0.208200 0.656547 0.044385 0.033395
0 0.531843 0.815303 0.022792 0.034030
0 0.491110 0.815400 0.019259 0.032594
0 0.447998 0.815192 0.018603 0.033953
0 0.424611 0.815073 0.019502 0.034269
0 0.424209 0.174397 0.019530 0.035120
4 0.189724 0.574903 0.031447 0.031171
2 0.093928 0.080879 0.031774 0.025580
0 0.498044 0.614824 0.019533 0.033965
4 0.140849 0.656751 0.068761 0.034121
4 0.164656 0.295997 0.116854 0.032575
0 0.447846 0.174469 0.018403 0.035433
4 0.464205 0.533952 0.025170 0.033451
0 0.466880 0.174624 0.018821 0.035834
4 0.134690 0.575212 0.057087 0.032656
0 0.510350 0.174633 0.018520 0.035283
4 0.121897 0.535033 0.030509 0.033772
4 0.320211 0.174756 0.189003 0.036408
4 0.165393 0.174851 0.118879 0.034550
4 0.121928 0.494652 0.030129 0.032853
4 0.463836 0.494014 0.024487 0.033320
0 0.490436 0.174953 0.020265 0.035709
4 0.067139 0.816049 0.067933 0.033902
2 0.170864 0.615993 0.129019 0.033932
0 0.909847 0.977822 0.058642 0.033744
4 0.164443 0.336711 0.117280 0.033861
0 0.974303 0.081915 0.041533 0.030371
0 0.969173 0.977006 0.052136 0.030902
2 0.036938 0.080470 0.066481 0.026254
0 0.460410 0.614629 0.017962 0.032222
4 0.289312 0.817102 0.252149 0.036561
4 0.466459 0.575227 0.031220 0.034011
0 0.194739 0.134405 0.077021 0.031170
4 0.122105 0.815769 0.019984 0.033954
0 0.014788 0.024337 0.016782 0.032655
0 0.033016 0.135519 0.025101 0.030554
0 0.929142 0.025086 0.019136 0.035391
0 0.983473 0.025483 0.019261 0.036799
0 0.955386 0.025216 0.018806 0.035242
4 0.014442 0.818166 0.012906 0.032558
0 0.102323 0.134452 0.081735 0.035062