0 0.376820 0.315098 0.153084 0.032409
4 0.158088 0.771164 0.017129 0.029091
4 0.163895 0.879256 0.027309 0.030590
0 0.377204 0.351208 0.153124 0.031667
4 0.158772 0.134881 0.061133 0.031130
1 0.211584 0.807220 0.011132 0.022770
0 0.233936 0.070346 0.028842 0.022007
0 0.190923 0.070593 0.046397 0.023359
0 0.278156 0.070164 0.048046 0.022194
2 0.198797 0.172425 0.139280 0.028448
0 0.562508 0.070283 0.035911 0.023055
4 0.163744 0.482118 0.027928 0.030573
4 0.147502 0.315704 0.027708 0.031300
0 0.068452 0.070029 0.105438 0.024714
0 0.144396 0.070556 0.035743 0.022875
0 0.447669 0.070054 0.035336 0.022826
0 0.504539 0.070174 0.068658 0.023881
1 0.156556 0.951146 0.011394 0.023798
0 0.277842 0.171408 0.016547 0.029593
0 0.365977 0.070124 0.116083 0.025650
0 0.981554 0.070891 0.036892 0.030077
4 0.164714 0.985827 0.029228 0.026002
0 0.059273 0.424348 0.056287 0.027215
2 0.701137 0.070540 0.030094 0.023517
2 0.650935 0.070089 0.060352 0.023751
0 0.600870 0.070579 0.030159 0.023080
0 0.201263 0.986107 0.038102 0.025940
0 0.132099 0.422855 0.063867 0.026264
4 0.157673 0.663326 0.016206 0.028791
0 0.233037 0.423889 0.111910 0.027892
4 0.155994 0.627143 0.014022 0.028326
1 0.156784 0.698943 0.011885 0.023937
1 0.237715 0.591341 0.012433 0.023175
1 0.125562 0.915690 0.011677 0.020058
0 0.411087 0.424661 0.072834 0.027592
0 0.333604 0.425111 0.067880 0.026732
0 0.493208 0.425296 0.071109 0.026602
0 0.219062 0.136092 0.012218 0.023797
4 0.156647 0.734743 0.013483 0.027844
1 0.236909 0.842439 0.010942 0.024511
0 0.989876 0.020445 0.017979 0.031366
0 0.941658 0.019276 0.017300 0.029571
0 0.965537 0.019829 0.017135 0.030006
0 0.025969 0.020167 0.016841 0.030512
4 0.163808 0.451256 0.027034 0.024125