0 0.093408 0.191009 0.021091 0.040256
0 0.412015 0.190747 0.020661 0.039707
0 0.284121 0.190457 0.020168 0.039743
0 0.160952 0.190939 0.020791 0.040708
0 0.260617 0.190952 0.019632 0.040582
0 0.116576 0.191692 0.018444 0.038482
0 0.351190 0.191097 0.021088 0.040989
0 0.184969 0.190808 0.020399 0.041250
0 0.064367 0.190911 0.021136 0.040257
0 0.305971 0.190996 0.017586 0.038843
0 0.040429 0.190562 0.020570 0.040099
0 0.237616 0.191295 0.020668 0.040633
0 0.214269 0.191162 0.021107 0.041461
0 0.010970 0.190119 0.020102 0.039862
0 0.373982 0.191038 0.017647 0.039457
0 0.929501 0.096319 0.036039 0.038821
0 0.974049 0.095630 0.042649 0.032839
2 0.323054 0.191116 0.017740 0.039296
2 0.033490 0.094158 0.036158 0.032655
2 0.133581 0.191742 0.016785 0.039051
1 0.010090 0.350099 0.014401 0.031951
2 0.390147 0.190994 0.015892 0.038874
1 0.909536 0.280708 0.011876 0.027529
1 0.909363 0.315553 0.012512 0.029367
1 0.009980 0.313905 0.013939 0.026796
4 0.854813 0.315534 0.072110 0.037026
0 0.028087 0.029336 0.020040 0.039137
0 0.922228 0.029579 0.020285 0.038569
4 0.759803 0.315936 0.121663 0.038276
0 0.981882 0.031090 0.020140 0.041118
0 0.952074 0.031149 0.020593 0.039625
1 0.010348 0.279347 0.014527 0.028665
4 0.665478 0.315998 0.072006 0.036203
4 0.570758 0.315878 0.120471 0.038248