4 0.136294 0.262677 0.033894 0.036631
4 0.136792 0.536492 0.035848 0.036978
4 0.136619 0.582711 0.036438 0.036653
0 0.124065 0.088109 0.045275 0.031869
4 0.186116 0.446651 0.134501 0.036432
0 0.051992 0.088326 0.083433 0.031583
4 0.260911 0.355798 0.285822 0.038789
2 0.193146 0.309096 0.146994 0.037305
4 0.262194 0.400894 0.284353 0.036634
4 0.184876 0.491473 0.131910 0.036748
2 0.172296 0.088609 0.035273 0.031131
0 0.969804 0.088270 0.046951 0.038464
0 0.161340 0.262580 0.016573 0.034923
0 0.022695 0.024958 0.018058 0.037354
0 0.918366 0.024657 0.020591 0.038914
0 0.949076 0.024432 0.021461 0.039632
0 0.979515 0.024984 0.021369 0.040813