4 0.327638 0.480336 0.485780 0.309591
4 0.774715 0.752830 0.165695 0.041776
4 0.739188 0.894114 0.096116 0.040631
4 0.231755 0.799720 0.093526 0.038914
4 0.715992 0.847152 0.048486 0.041173
4 0.246888 0.752720 0.123488 0.039717
4 0.312667 0.704604 0.250067 0.041530
0 0.954846 0.962120 0.073906 0.038773
0 0.024477 0.963269 0.028802 0.035317
4 0.739159 0.800177 0.095908 0.040385
0 0.070026 0.091297 0.104420 0.033066
0 0.183280 0.090460 0.090818 0.033925
0 0.068474 0.867435 0.033230 0.037973
0 0.033100 0.867698 0.034197 0.039218
0 0.086679 0.278323 0.112598 0.044372
2 0.443436 0.090909 0.104717 0.032239
2 0.729245 0.090973 0.109259 0.033177
2 0.962606 0.092476 0.034507 0.037174
0 0.765511 0.275181 0.153816 0.041633
2 0.309946 0.090674 0.131677 0.033010
0 0.226927 0.275559 0.140980 0.039350
2 0.585475 0.090674 0.148235 0.035145
0 0.381363 0.275736 0.139339 0.040736
0 0.492135 0.275663 0.060373 0.042617
0 0.571504 0.275558 0.071197 0.042868
0 0.648416 0.276115 0.053407 0.043313
0 0.898600 0.276854 0.084001 0.044724
0 0.777142 0.894465 0.017964 0.037515
0 0.350568 0.894289 0.016620 0.033106
0 0.028396 0.921736 0.017364 0.031366
0 0.777425 0.800416 0.016612 0.036175
0 0.036708 0.022878 0.022020 0.037484
0 0.896777 0.023369 0.023125 0.038996
0 0.930510 0.024307 0.022298 0.040050
0 0.964291 0.023312 0.024547 0.040219
0 0.275835 0.866940 0.014594 0.029043
0 0.729993 0.847281 0.019954 0.038802
0 0.302025 0.868172 0.012738 0.023400