0 0.327397 0.828806 0.208771 0.183559
0 0.327760 0.504747 0.209515 0.184506
0 0.630078 0.249982 0.022837 0.039222
0 0.416331 0.571286 0.023293 0.041687
0 0.594378 0.098572 0.079271 0.033146
0 0.433771 0.099768 0.080354 0.034548
0 0.514139 0.097903 0.079564 0.030884
4 0.923864 0.089331 0.152272 0.038592
0 0.416378 0.250571 0.023897 0.040628
0 0.416882 0.892556 0.024021 0.040052
0 0.095178 0.337226 0.183797 0.034917
0 0.072621 0.882916 0.144989 0.034390
0 0.095893 0.382282 0.184072 0.033244
0 0.052089 0.700943 0.104042 0.033324
0 0.071071 0.428375 0.135019 0.032596
0 0.096351 0.246283 0.185790 0.034246
0 0.044556 0.793715 0.088321 0.030693
0 0.058497 0.201238 0.113500 0.031326
0 0.034058 0.610068 0.067283 0.030889
0 0.056078 0.519499 0.110890 0.032851
0 0.052566 0.975662 0.104436 0.031531
2 0.168655 0.025109 0.120729 0.037197
0 0.060547 0.928503 0.119884 0.032163
0 0.040088 0.656262 0.078855 0.032846
0 0.040450 0.747135 0.078482 0.030037
0 0.096212 0.292761 0.182072 0.034745
0 0.040006 0.565385 0.078090 0.030480
0 0.032029 0.838143 0.062419 0.030480
0 0.968253 0.087766 0.014680 0.027775
0 0.070827 0.473984 0.140479 0.035229
0 0.989664 0.086701 0.015808 0.028348
0 0.989153 0.022805 0.020117 0.038984
0 0.039461 0.022107 0.019456 0.037701
0 0.927915 0.021723 0.020625 0.038556
0 0.958569 0.022669 0.020952 0.039414
0 0.101273 0.154384 0.202163 0.041806
0 0.327761 0.199939 0.208675 0.149806
0 0.542718 0.200506 0.209221 0.150941