5 0.497056 0.535148 0.621431 0.371138
0 0.634634 0.468747 0.068902 0.037735
0 0.946916 0.963535 0.074367 0.040669
4 0.460365 0.563076 0.064670 0.036668
0 0.701082 0.688078 0.023467 0.035659
0 0.415764 0.563787 0.016894 0.032231
0 0.080633 0.283841 0.110689 0.044430
4 0.352722 0.516068 0.042575 0.035108
0 0.063570 0.096920 0.102860 0.032630
4 0.225627 0.802395 0.093712 0.036636
4 0.462376 0.469789 0.260323 0.035613
0 0.176646 0.095884 0.089675 0.033747
4 0.767037 0.755245 0.165310 0.038203
4 0.730655 0.896268 0.093230 0.036921
4 0.730886 0.802085 0.092801 0.038463
4 0.241542 0.754434 0.122202 0.036600
2 0.436741 0.096022 0.102793 0.033237
4 0.238373 0.896557 0.116298 0.038307
4 0.377395 0.563102 0.090027 0.036106
4 0.708463 0.849018 0.048123 0.039118
2 0.303464 0.096562 0.130617 0.035125
0 0.750184 0.688564 0.063306 0.035329
0 0.769961 0.802430 0.016827 0.032634
2 0.721764 0.095905 0.107405 0.033307
4 0.325302 0.895597 0.052755 0.037533
0 0.017954 0.963005 0.029437 0.039497
4 0.208431 0.848603 0.057369 0.039577
0 0.588549 0.468677 0.018049 0.035458
1 0.337778 0.611489 0.012761 0.023923
0 0.769736 0.896371 0.018225 0.034762
2 0.577637 0.097129 0.147104 0.034413
2 0.954853 0.097051 0.032814 0.035243
0 0.264490 0.802325 0.016222 0.033191
0 0.219988 0.282196 0.139804 0.042048
0 0.372903 0.281877 0.135137 0.040029
0 0.344113 0.895586 0.015916 0.034183
0 0.484821 0.281932 0.060083 0.041393
0 0.758885 0.282354 0.155390 0.041469
0 0.783274 0.381637 0.017322 0.033024
0 0.758247 0.381708 0.017677 0.032586
0 0.564557 0.282264 0.069873 0.039792
0 0.891758 0.281686 0.081191 0.042615
0 0.640475 0.281855 0.051657 0.038673
0 0.228522 0.849235 0.018186 0.034220
0 0.957334 0.027881 0.025332 0.041438
0 0.029863 0.027537 0.021083 0.038755
0 0.923475 0.028979 0.023319 0.039361
0 0.888849 0.027732 0.022306 0.037311
4 0.132767 0.482213 0.106241 0.305100