0 0.072162 0.877825 0.019990 0.034998
0 0.328330 0.288361 0.095590 0.037052
0 0.031286 0.379075 0.021731 0.038315
0 0.264174 0.287891 0.020928 0.037300
4 0.660164 0.560610 0.076861 0.039660
0 0.530251 0.288443 0.020451 0.037100
4 0.325687 0.425459 0.278661 0.038838
0 0.424754 0.288092 0.096367 0.038870
0 0.509537 0.288589 0.019192 0.036681
0 0.345570 0.878257 0.020725 0.036568
0 0.051205 0.878244 0.019346 0.034706
0 0.077298 0.378248 0.030836 0.035621
4 0.218853 0.561316 0.068139 0.037364
4 0.618713 0.424302 0.281257 0.040220
0 0.072766 0.288102 0.020073 0.038131
0 0.726404 0.972645 0.055443 0.035523
0 0.243414 0.288302 0.019502 0.036533
0 0.051807 0.287575 0.020480 0.038158
0 0.915397 0.085994 0.056061 0.033244
0 0.917984 0.970871 0.043513 0.028995
4 0.249230 0.698489 0.130842 0.037100
0 0.591847 0.288135 0.020793 0.037307
0 0.971968 0.086433 0.041435 0.031025
4 0.161487 0.288484 0.143645 0.039319
0 0.788501 0.972051 0.054454 0.032015
0 0.060918 0.086347 0.078296 0.033078
0 0.488919 0.288360 0.021242 0.037823
0 0.773712 0.424295 0.026031 0.036865
0 0.855521 0.971573 0.064960 0.030553
0 0.970381 0.970941 0.043889 0.029012
2 0.144267 0.086300 0.074521 0.031467
2 0.206624 0.086027 0.034501 0.030297
4 0.318034 0.878866 0.034120 0.037566
0 0.120290 0.377312 0.023697 0.036721
0 0.155908 0.376564 0.022017 0.036038
0 0.329741 0.381580 0.055362 0.033175
0 0.270343 0.380932 0.037665 0.033391
0 0.209173 0.380119 0.056713 0.035781
0 0.411604 0.380309 0.082653 0.032230
0 0.034026 0.022491 0.019104 0.038079
0 0.980348 0.023314 0.019501 0.038568
0 0.950671 0.023017 0.020890 0.038553
0 0.920000 0.022820 0.022465 0.039485
4 0.155476 0.880352 0.127918 0.031177