0 0.666701 0.125845 0.026838 0.044926
4 0.323706 0.551389 0.053648 0.050533
0 0.386824 0.128192 0.025449 0.046551
0 0.291518 0.127257 0.028555 0.045303
2 0.152613 0.129780 0.188138 0.054740
0 0.213772 0.298287 0.091641 0.041238
4 0.357236 0.495900 0.122376 0.053653
0 0.358290 0.128860 0.023906 0.046564
0 0.733530 0.123236 0.024384 0.040942
4 0.324569 0.606682 0.053502 0.053803
0 0.421442 0.125825 0.028420 0.049585
0 0.450730 0.125537 0.024429 0.048710
0 0.637985 0.125826 0.027108 0.045906
0 0.705080 0.125407 0.025768 0.045044
0 0.543959 0.123834 0.025289 0.046569
0 0.329473 0.128142 0.026703 0.046512
0 0.600506 0.124779 0.028013 0.047114
0 0.572491 0.124397 0.024751 0.046249
0 0.344519 0.299903 0.126382 0.042670
0 0.480883 0.125462 0.027668 0.049473
0 0.086195 0.298582 0.126573 0.043736
0 0.514559 0.124593 0.028498 0.047881
0 0.263589 0.126970 0.023194 0.044387
0 0.036444 0.127879 0.024994 0.044695
0 0.025378 0.046360 0.022240 0.032854