0 0.246960 0.078000 0.019679 0.028483
0 0.218140 0.077498 0.019228 0.028176
0 0.500022 0.076081 0.020193 0.027150
0 0.478633 0.076272 0.020212 0.027438
0 0.677703 0.303689 0.033723 0.033924
0 0.660532 0.877909 0.033562 0.035427
4 0.342524 0.268841 0.092031 0.031463
4 0.342216 0.742374 0.091679 0.032392
4 0.342787 0.776691 0.092242 0.032165
4 0.342580 0.640686 0.092072 0.032921
4 0.548981 0.742744 0.091296 0.032329
0 0.066619 0.181543 0.015672 0.026217
0 0.660607 0.742371 0.033350 0.035388
0 0.677759 0.267922 0.032829 0.032570
4 0.317465 0.303188 0.041483 0.032869
4 0.524111 0.303315 0.042161 0.032808
0 0.087140 0.181171 0.018890 0.026690
4 0.342324 0.877298 0.092136 0.032472
4 0.548861 0.268761 0.092212 0.030946
0 0.046470 0.181996 0.016925 0.027510
0 0.197343 0.077254 0.017653 0.026745
0 0.528860 0.076050 0.019250 0.027660
0 0.290322 0.078716 0.019383 0.028759
0 0.316697 0.076971 0.020062 0.028881
4 0.548830 0.877245 0.092333 0.032052
0 0.268908 0.078640 0.018501 0.028303
0 0.451940 0.075954 0.020786 0.029143
2 0.113931 0.079117 0.141064 0.033053
0 0.139804 0.181851 0.072142 0.025084
0 0.409164 0.075312 0.019736 0.029262
0 0.025718 0.182133 0.019405 0.028642
0 0.386233 0.075454 0.021774 0.029728
0 0.429813 0.075673 0.018998 0.029157
0 0.111659 0.471966 0.155321 0.032280
0 0.360131 0.076009 0.022032 0.030256
0 0.550086 0.075345 0.017612 0.026912
0 0.338486 0.076529 0.017319 0.029483
4 0.304240 0.403724 0.015710 0.032103
0 0.026975 0.077196 0.019994 0.028667
4 0.631943 0.437779 0.670375 0.032212
0 0.019452 0.028551 0.017016 0.022419
0 0.976567 0.981696 0.013114 0.022834
0 0.041029 0.470049 0.016977 0.030111
3 0.055877 0.606720 0.015317 0.027480
3 0.055593 0.705559 0.015884 0.026593
3 0.055310 0.841628 0.016451 0.023934