0 0.612944 0.107613 0.024256 0.038520
0 0.354555 0.109613 0.023931 0.040434
0 0.328598 0.110335 0.022288 0.038516
0 0.585890 0.107815 0.025078 0.039104
4 0.327335 0.427002 0.113006 0.047085
0 0.197432 0.257578 0.084141 0.035860
0 0.647123 0.107772 0.022389 0.037829
4 0.296410 0.474545 0.050779 0.044065
0 0.673104 0.107163 0.021652 0.037151
0 0.302078 0.109912 0.024093 0.038485
2 0.140877 0.111029 0.173215 0.047300
4 0.296948 0.522047 0.051347 0.044704
0 0.267353 0.109152 0.025616 0.040065
0 0.499675 0.106738 0.023988 0.039351
0 0.473140 0.107092 0.025101 0.039678
0 0.388217 0.107662 0.025667 0.042215
0 0.441647 0.107959 0.024728 0.041478
0 0.078702 0.257618 0.118964 0.040176
0 0.414146 0.107905 0.021822 0.041089
0 0.315223 0.258183 0.117997 0.038135
0 0.240102 0.109569 0.021906 0.037649
0 0.526320 0.106846 0.022588 0.039216
0 0.551036 0.107318 0.025177 0.039912
0 0.032836 0.110308 0.022446 0.039491
0 0.007508 0.111430 0.015016 0.040899
0 0.022885 0.037849 0.021130 0.030708