0 0.020264 0.176755 0.021937 0.039732
4 0.249313 0.405625 0.034512 0.034850
4 0.257370 0.270469 0.285732 0.039317
4 0.520977 0.541753 0.147461 0.038026
4 0.256363 0.315214 0.283586 0.037534
4 0.211506 0.724527 0.124660 0.034551
0 0.072274 0.179256 0.042092 0.037183
4 0.492548 0.405917 0.118233 0.037767
4 0.625190 0.405289 0.077142 0.036489
4 0.172706 0.406077 0.118169 0.035842
4 0.288216 0.723462 0.028232 0.033689
4 0.201050 0.542533 0.144757 0.036394
4 0.222631 0.360978 0.213369 0.038649
2 0.198802 0.087237 0.035224 0.029943
0 0.920520 0.087222 0.055713 0.032649
0 0.051199 0.086333 0.079809 0.031355
0 0.977224 0.087189 0.043331 0.030574
4 0.569418 0.405488 0.034968 0.035813
0 0.909266 0.974306 0.074149 0.036552
0 0.127072 0.176855 0.036183 0.036980
4 0.347404 0.359672 0.034519 0.037867
2 0.134899 0.087257 0.075473 0.031060
0 0.975741 0.972289 0.047245 0.035488
4 0.121001 0.541400 0.015736 0.036428
0 0.180549 0.175759 0.044315 0.036751
0 0.023498 0.025055 0.018331 0.036653
4 0.440114 0.541477 0.015241 0.035216
0 0.985755 0.025080 0.021793 0.040648
0 0.924259 0.024376 0.022976 0.037917
0 0.954639 0.025236 0.020224 0.039613
0 0.226912 0.175533 0.026095 0.040491