0 0.532187 0.222516 0.023750 0.041709
0 0.028726 0.322170 0.023193 0.042103
4 0.253789 0.575438 0.098466 0.042320
0 0.074116 0.874331 0.022414 0.039509
0 0.555285 0.222306 0.021737 0.040875
0 0.074276 0.222496 0.023023 0.041832
0 0.284715 0.222284 0.023563 0.041784
4 0.457326 0.523304 0.038054 0.042423
0 0.374651 0.875481 0.021715 0.039906
0 0.050588 0.874316 0.021959 0.039260
4 0.396477 0.727154 0.384242 0.039054
0 0.262006 0.222569 0.021828 0.039837
4 0.303218 0.625067 0.195772 0.043602
0 0.355298 0.223314 0.106923 0.044470
0 0.461065 0.223435 0.106546 0.043841
4 0.269609 0.524017 0.131497 0.041821
0 0.050864 0.222298 0.023200 0.040964
0 0.494684 0.473778 0.023311 0.041576
4 0.171014 0.224050 0.160292 0.043476
4 0.320870 0.474674 0.231716 0.042832
0 0.703768 0.971104 0.063069 0.040155
4 0.457209 0.474359 0.037365 0.041279
0 0.577790 0.222355 0.022273 0.040219
4 0.224180 0.673762 0.039201 0.043234
0 0.914827 0.971181 0.048632 0.032038
0 0.973619 0.101329 0.047481 0.033701
4 0.343973 0.875882 0.038393 0.041073
4 0.220430 0.373458 0.030633 0.041566
0 0.060775 0.101583 0.087049 0.034022
0 0.912278 0.100672 0.059972 0.036021
2 0.152448 0.101524 0.082944 0.033732
0 0.164862 0.323869 0.019362 0.034631
0 0.772129 0.972418 0.061512 0.034175
2 0.221413 0.101224 0.038841 0.030709
0 0.846394 0.972484 0.071588 0.032179
0 0.971914 0.971481 0.048635 0.032239
0 0.277522 0.323249 0.059125 0.035729
0 0.212190 0.323102 0.040750 0.036242
0 0.078838 0.322232 0.038889 0.038210
1 0.098574 0.876563 0.013274 0.026711
0 0.125786 0.322379 0.024842 0.033488
4 0.250000 0.373415 0.015241 0.042866
0 0.916414 0.030349 0.024335 0.044817
0 0.031211 0.029217 0.021625 0.042904
0 0.950300 0.031262 0.023279 0.044234
0 0.982428 0.030821 0.023674 0.044173
0 0.665118 0.416312 0.106047 0.043149
2 0.667650 0.371622 0.127827 0.038012
0 0.664208 0.469734 0.106195 0.034930
0 0.664946 0.517505 0.106686 0.038012