5 0.508654 0.539339 0.664107 0.447714
4 0.435936 0.473934 0.144189 0.038644
0 0.939830 0.092294 0.015724 0.030404
4 0.401009 0.518857 0.077131 0.036082
0 0.977933 0.091345 0.043184 0.032142
2 0.034561 0.090633 0.038446 0.034087
0 0.916777 0.092058 0.015621 0.030114
0 0.790370 0.732393 0.055930 0.033743
0 0.404455 0.426982 0.016819 0.036456
4 0.379905 0.426980 0.032280 0.036905
0 0.741324 0.730479 0.027037 0.031009
0 0.893044 0.091315 0.016546 0.030779
2 0.577406 0.565385 0.429367 0.038883
0 0.827051 0.349373 0.018287 0.034479
0 0.925607 0.025591 0.021432 0.038651
0 0.955939 0.026821 0.021956 0.039418
0 0.986395 0.027710 0.020516 0.040219