0 0.482046 0.220850 0.019252 0.040555
0 0.872975 0.220236 0.018876 0.038909
0 0.780514 0.220632 0.022087 0.042422
0 0.604974 0.220912 0.021256 0.041529
0 0.918731 0.219943 0.020730 0.040441
0 0.941783 0.220039 0.020174 0.039783
0 0.526554 0.220662 0.022465 0.043810
0 0.628327 0.220540 0.021041 0.041344
0 0.735215 0.220243 0.018871 0.039886
0 0.557575 0.219876 0.021097 0.042010
0 0.353907 0.082917 0.057373 0.030810
0 0.442916 0.220764 0.018844 0.040246
0 0.323091 0.220189 0.021832 0.041853
0 0.055628 0.082765 0.084268 0.033470
0 0.170428 0.082750 0.131119 0.032967
0 0.281084 0.083180 0.074611 0.032580
0 0.445812 0.083998 0.111341 0.032562
2 0.499109 0.221001 0.016941 0.040971
2 0.527283 0.083127 0.035162 0.031494
0 0.973486 0.083354 0.044332 0.035652
2 0.460395 0.220851 0.017352 0.040242
0 0.111833 0.568180 0.163534 0.033538
0 0.651563 0.220499 0.018064 0.039349
0 0.111698 0.603466 0.163265 0.034793
0 0.107898 0.420646 0.156798 0.034126
0 0.383428 0.218823 0.079745 0.040185
0 0.091724 0.677713 0.124451 0.032341
0 0.076866 0.348842 0.097005 0.029295
0 0.092861 0.383181 0.126724 0.030049
0 0.098079 0.748949 0.132622 0.033518
0 0.581045 0.220335 0.020658 0.041161
2 0.706637 0.220344 0.030105 0.040649
2 0.667467 0.220638 0.019404 0.040058
0 0.081340 0.494854 0.104818 0.031753
2 0.890118 0.220469 0.016795 0.039895
0 0.089371 0.529842 0.119745 0.024936
2 0.810536 0.220771 0.030897 0.041970
2 0.845299 0.222407 0.028510 0.035591
0 0.088438 0.786220 0.112206 0.030801
0 0.078080 0.458389 0.098297 0.032859
0 0.110293 0.712683 0.158186 0.026833
2 0.063893 0.312057 0.098288 0.033435
0 0.087681 0.822690 0.115231 0.029687
0 0.057579 0.272512 0.086794 0.033518
0 0.046233 0.163772 0.067506 0.026918
2 0.701291 0.220554 0.029552 0.041246
0 0.026419 0.019674 0.019934 0.037394
0 0.921934 0.019979 0.020031 0.036423
0 0.951966 0.020428 0.021169 0.039243
0 0.982736 0.020819 0.018681 0.039757
0 0.068654 0.642914 0.077176 0.032508
0 0.084833 0.861062 0.132225 0.031950
2 0.752902 0.220808 0.017756 0.041323
0 0.055026 0.238055 0.082823 0.030607
1 0.317109 0.318001 0.011346 0.021547
1 0.317393 0.356906 0.010778 0.022744
0 0.046801 0.200687 0.067506 0.038307
0 0.089346 0.897387 0.142387 0.031124