0 0.635262 0.249047 0.022191 0.043352
0 0.660717 0.248896 0.022579 0.043568
0 0.776174 0.249747 0.021345 0.043521
0 0.825684 0.249990 0.023381 0.044617
0 0.685922 0.248924 0.020518 0.043019
0 0.459363 0.249588 0.021266 0.043542
0 0.550705 0.249735 0.023579 0.045101
0 0.609340 0.248894 0.022780 0.044589
0 0.395021 0.248896 0.087531 0.043327
0 0.734390 0.249646 0.020779 0.043383
0 0.328275 0.249648 0.022380 0.044721
0 0.063381 0.102016 0.091854 0.034269
0 0.309013 0.102406 0.081450 0.033706
0 0.488583 0.102281 0.121804 0.035347
0 0.188595 0.101996 0.143736 0.034757
0 0.501212 0.249486 0.019978 0.042324
0 0.119620 0.424431 0.105525 0.028068
2 0.577509 0.101950 0.039005 0.032237
0 0.974490 0.102543 0.049437 0.037156
0 0.388476 0.101915 0.061762 0.033664
0 0.582932 0.249279 0.022707 0.045257
2 0.794846 0.250082 0.019399 0.044211
0 0.138304 0.463762 0.139060 0.029084
1 0.323020 0.354000 0.015806 0.032928
0 0.117140 0.662587 0.098667 0.027129
1 0.322874 0.432736 0.015973 0.032073
0 0.100704 0.385344 0.068432 0.026283
0 0.117769 0.580524 0.072242 0.031492
2 0.704313 0.249197 0.019252 0.043059
2 0.478087 0.249104 0.017801 0.042199
0 0.132215 0.622046 0.092084 0.027758
1 0.322844 0.471669 0.016056 0.031341
2 0.519495 0.249781 0.019415 0.044123
0 0.141978 0.741755 0.144757 0.030895
1 0.322889 0.393159 0.015705 0.030134
0 0.142196 0.701590 0.147766 0.030093
2 0.857301 0.250052 0.032597 0.043255
2 0.753197 0.249412 0.018168 0.042824
2 0.894985 0.249120 0.029499 0.043231
1 0.322805 0.512568 0.016249 0.031845
0 0.105325 0.504988 0.077543 0.026486
0 0.123820 0.820534 0.095255 0.028058
2 0.511350 0.249315 0.036646 0.044261
0 0.093272 0.779927 0.051997 0.025547
0 0.094290 0.304916 0.143279 0.036414
0 0.142079 0.858813 0.133270 0.029281
0 0.030988 0.029344 0.022072 0.043651
0 0.919167 0.030178 0.022425 0.042850
0 0.951911 0.032156 0.023517 0.044257
0 0.985798 0.031371 0.024174 0.044689
2 0.094027 0.344640 0.142752 0.038621
0 0.056890 0.187399 0.074800 0.044138
0 0.094817 0.267399 0.142225 0.038621
0 0.092973 0.227675 0.142752 0.038621
2 0.093500 0.542709 0.120628 0.039724
0 0.971681 0.248817 0.018879 0.023481