0 0.361353 0.355690 0.225890 0.213911
0 0.360930 0.734922 0.228025 0.216002
0 0.597703 0.356237 0.230051 0.215305
0 0.077770 0.125433 0.092244 0.048277
0 0.255807 0.125226 0.090030 0.046848
0 0.167174 0.125307 0.091026 0.046395
0 0.975449 0.123843 0.026172 0.047153
4 0.890272 0.125378 0.143808 0.050046
0 0.694443 0.431684 0.027387 0.050701
0 0.459156 0.431783 0.024859 0.049419
2 0.173330 0.035003 0.129720 0.044795
0 0.105326 0.446787 0.205692 0.039765
0 0.104578 0.392942 0.203049 0.039888
0 0.066469 0.233178 0.125104 0.036263
0 0.044830 0.874966 0.084027 0.034056
0 0.079151 0.552912 0.148046 0.038657
0 0.046217 0.660198 0.086409 0.036020
0 0.036699 0.981455 0.068278 0.033642
0 0.459155 0.810323 0.026514 0.047959
0 0.105323 0.339597 0.202383 0.040603
0 0.078240 0.500153 0.151501 0.038569
0 0.058736 0.820560 0.110240 0.038077
0 0.038314 0.713921 0.070916 0.034050
0 0.045441 0.767573 0.086599 0.033516
0 0.050893 0.928914 0.096339 0.035848
0 0.063812 0.606288 0.117019 0.037025
0 0.104929 0.285204 0.200987 0.040281
0 0.032842 0.033128 0.020804 0.044919
0 0.919531 0.033273 0.023253 0.047778
0 0.953172 0.034218 0.023171 0.048530
0 0.986781 0.034236 0.022536 0.047860
0 0.016304 0.178442 0.031545 0.040174
0 0.951684 0.124492 0.020589 0.044329