4 0.478953 0.294471 0.040294 0.043933
4 0.508429 0.345471 0.099518 0.045023
4 0.342652 0.244573 0.148328 0.044429
4 0.318963 0.345964 0.101034 0.043328
4 0.532773 0.448108 0.145500 0.044176
4 0.479107 0.193077 0.040721 0.044299
4 0.341616 0.447743 0.146562 0.044383
4 0.531664 0.244596 0.145338 0.045493
4 0.530815 0.397263 0.146791 0.045601
4 0.341001 0.396331 0.147866 0.044262
4 0.288361 0.294797 0.039724 0.042675
0 0.448499 0.104201 0.140355 0.035300
0 0.662375 0.103535 0.074527 0.033232
0 0.169906 0.103198 0.098484 0.034587
4 0.287232 0.192645 0.034444 0.038439
0 0.570554 0.103901 0.088462 0.033459
2 0.786545 0.102462 0.040565 0.033927
0 0.964427 0.972012 0.052201 0.039438
0 0.300938 0.104644 0.140551 0.036393
4 0.318757 0.701715 0.037786 0.042183
0 0.060726 0.103346 0.102951 0.035409
0 0.619852 0.499749 0.031097 0.043004
4 0.284379 0.802796 0.031741 0.044974
0 0.619798 0.448681 0.031076 0.042901
0 0.966416 0.104275 0.048924 0.039528
0 0.619620 0.397954 0.031256 0.044798
0 0.619897 0.193648 0.031261 0.042993
0 0.620015 0.295385 0.031789 0.043637
4 0.317856 0.651609 0.036956 0.042423
4 0.280519 0.499335 0.024878 0.044152
0 0.619772 0.346203 0.031502 0.043185
4 0.284396 0.854007 0.031456 0.043299
4 0.284106 0.701004 0.030998 0.042453
0 0.732971 0.103550 0.046813 0.033569
0 0.619943 0.244242 0.031479 0.043829
4 0.471125 0.498919 0.025282 0.045015
4 0.276248 0.752048 0.016236 0.041155
4 0.283694 0.650847 0.029760 0.042266
0 0.314357 0.192029 0.018627 0.039282
0 0.024801 0.029775 0.022009 0.044982
0 0.909393 0.030225 0.023204 0.044936
0 0.976722 0.032655 0.024618 0.046254
0 0.942424 0.032349 0.024805 0.046391