4 0.170849 0.417616 0.039416 0.040791
4 0.170778 0.465443 0.039861 0.041062
4 0.565656 0.417815 0.149935 0.041994
0 0.967012 0.976645 0.036743 0.038110
4 0.202392 0.370286 0.101249 0.039058
4 0.167232 0.607460 0.032023 0.038337
4 0.167076 0.654384 0.032797 0.040756
4 0.565626 0.370133 0.149501 0.043151
4 0.194373 0.228774 0.087337 0.040921
0 0.051144 0.095681 0.061430 0.032391
2 0.109657 0.095592 0.039663 0.031258
0 0.960595 0.095575 0.051123 0.036354
0 0.034675 0.028553 0.021891 0.038338
0 0.902490 0.029026 0.023423 0.040420
0 0.937162 0.029557 0.023350 0.039953
0 0.971106 0.028984 0.024091 0.042092
0 0.033470 0.976294 0.016678 0.030691