0 0.447147 0.170163 0.019745 0.035840
0 0.383984 0.169671 0.020240 0.037342
3 0.016092 0.852834 0.013811 0.024730
2 0.230623 0.579755 0.146989 0.034505
4 0.217776 0.170718 0.132350 0.036430
0 0.467385 0.170027 0.020037 0.036388
0 0.104728 0.087250 0.080362 0.029386
4 0.188761 0.306586 0.076981 0.033613
0 0.196871 0.088500 0.088858 0.033130
0 0.404396 0.170118 0.019651 0.036442
0 0.030937 0.087231 0.052148 0.030521
4 0.463901 0.808090 0.027190 0.035547
4 0.196026 0.262118 0.091394 0.034873
0 0.425554 0.170315 0.019920 0.035923
0 0.973342 0.087799 0.044701 0.033306
2 0.348760 0.087648 0.034891 0.029121
4 0.488914 0.670892 0.077190 0.032580
4 0.195945 0.670732 0.075548 0.031537
4 0.164154 0.215712 0.027194 0.034427
2 0.230736 0.535323 0.147109 0.036858
4 0.463853 0.852904 0.027661 0.033330
2 0.285028 0.087831 0.074755 0.029949
4 0.195631 0.627310 0.076435 0.033201
0 0.050649 0.397467 0.054139 0.035592
4 0.463916 0.897870 0.027407 0.034176
0 0.177133 0.397821 0.039800 0.036605
0 0.314597 0.305999 0.132635 0.035023
0 0.488549 0.488106 0.020223 0.035923
0 0.117942 0.396330 0.049654 0.036937
4 0.300855 0.489636 0.285138 0.034152
3 0.015727 0.898573 0.013450 0.025496
0 0.226197 0.397339 0.032362 0.035396
1 0.459355 0.624789 0.011722 0.022248
3 0.016155 0.806316 0.013842 0.026400
0 0.921802 0.024255 0.020027 0.037806
0 0.952094 0.024807 0.020572 0.038639
0 0.017595 0.025015 0.017922 0.036032
0 0.983177 0.025172 0.022458 0.040715