0 0.078892 0.117034 0.092793 0.043487
0 0.259576 0.116941 0.092269 0.044209
4 0.907796 0.118314 0.174450 0.044041
0 0.369534 0.337122 0.234097 0.209384
0 0.169048 0.116983 0.092827 0.042414
0 0.368858 0.697265 0.235859 0.208372
0 0.467167 0.408811 0.027711 0.048776
0 0.467928 0.768840 0.029002 0.049220
0 0.108309 0.269911 0.204561 0.037091
0 0.065896 0.220150 0.129457 0.036279
0 0.105373 0.422228 0.207325 0.036540
0 0.106244 0.321685 0.208535 0.040445
0 0.106219 0.372883 0.208357 0.040405
0 0.080344 0.523932 0.151620 0.036657
0 0.051802 0.880656 0.099375 0.032969
0 0.078581 0.472812 0.152481 0.035882
2 0.174500 0.031026 0.134207 0.041527
0 0.045084 0.830062 0.085978 0.032335
0 0.037136 0.931568 0.069834 0.031827
0 0.083590 0.981776 0.164300 0.035611
0 0.058914 0.778101 0.114028 0.035135
0 0.045163 0.728237 0.087364 0.033064
0 0.045604 0.626216 0.087832 0.035394
0 0.061398 0.575116 0.119227 0.035454
0 0.039037 0.677471 0.074514 0.033908
0 0.032804 0.030678 0.022147 0.045461
0 0.925156 0.030702 0.023082 0.045217
0 0.991215 0.032076 0.017570 0.047828
0 0.959349 0.031736 0.025372 0.047664
0 0.983283 0.117242 0.024419 0.040731
0 0.956628 0.117101 0.026272 0.040104