4 0.189132 0.291348 0.032149 0.042704
4 0.215608 0.240035 0.086397 0.043103
4 0.193473 0.190758 0.040329 0.042286
4 0.189095 0.391537 0.032556 0.042681
2 0.027304 0.102529 0.041629 0.036746
4 0.215157 0.492162 0.085730 0.040205
4 0.291363 0.491155 0.055022 0.041935
4 0.313656 0.542662 0.086478 0.041950
4 0.192870 0.591667 0.039725 0.041328
4 0.191889 0.341413 0.037961 0.043475
4 0.215851 0.543681 0.085374 0.040635
1 0.296487 0.742850 0.014669 0.028479
0 0.969106 0.969354 0.052326 0.039851
1 0.622723 0.792236 0.015857 0.030977
1 0.296308 0.791733 0.014381 0.028175
4 0.326814 0.442616 0.320237 0.047139
0 0.970451 0.102874 0.050499 0.040028
1 0.470850 0.791873 0.015425 0.029511
1 0.471033 0.743086 0.016126 0.031030
1 0.622447 0.742954 0.016557 0.033868
0 0.021439 0.029641 0.021072 0.044200
0 0.913487 0.029267 0.023407 0.045330
0 0.980447 0.031206 0.023129 0.046806
0 0.947641 0.030746 0.024715 0.046838