0 0.269834 0.101676 0.018705 0.034094
0 0.243954 0.101815 0.017650 0.035082
0 0.489337 0.102308 0.146273 0.036793
0 0.026466 0.101110 0.039296 0.034160
0 0.218395 0.102119 0.016974 0.035548
0 0.063143 0.102473 0.018070 0.032938
0 0.192524 0.101972 0.016716 0.035832
0 0.321568 0.101533 0.017348 0.034500
0 0.399514 0.102722 0.016542 0.034787
0 0.347151 0.100972 0.017720 0.034299
0 0.088516 0.102764 0.018028 0.033876
0 0.296598 0.101982 0.017105 0.034424
0 0.373073 0.101594 0.018209 0.035282
0 0.166673 0.101390 0.018972 0.036669
0 0.596967 0.102007 0.055676 0.033902
0 0.975201 0.101270 0.047377 0.035163
0 0.908927 0.100628 0.018186 0.035342
0 0.934992 0.100996 0.017060 0.033211
0 0.114717 0.101598 0.018508 0.035677
0 0.140227 0.101705 0.015958 0.034873
2 0.651957 0.101620 0.039952 0.033339
0 0.021838 0.027224 0.020050 0.040713
0 0.951787 0.027518 0.022599 0.044028
0 0.918177 0.026916 0.021679 0.041727
0 0.985510 0.027802 0.024040 0.043585
4 0.047145 0.245198 0.081648 0.038395