0 0.042677 0.346272 0.022149 0.045160
0 0.068041 0.346403 0.023330 0.046333
0 0.101092 0.346480 0.024199 0.047336
1 0.906346 0.866843 0.020004 0.037015
0 0.182034 0.346349 0.023311 0.045923
0 0.132948 0.346249 0.020629 0.042987
1 0.906332 0.907104 0.020041 0.038026
0 0.278623 0.269013 0.018897 0.039222
0 0.517817 0.514753 0.024684 0.045507
0 0.891489 0.981630 0.070740 0.036740
1 0.906319 0.826551 0.019852 0.037596
0 0.244976 0.268032 0.019819 0.041183
0 0.329668 0.269651 0.019588 0.042459
4 0.980728 0.166226 0.038544 0.045695
0 0.762157 0.956492 0.060886 0.037005
0 0.696783 0.955913 0.055760 0.036099
4 0.845820 0.167557 0.056111 0.044831
0 0.930826 0.103106 0.017042 0.034384
0 0.964588 0.982134 0.060623 0.033430
0 0.971126 0.102561 0.046734 0.035625
1 0.007041 0.542553 0.014082 0.036142
1 0.007033 0.622500 0.014065 0.036419
1 0.006974 0.702218 0.013947 0.035216
1 0.006867 0.781228 0.013734 0.034082
0 0.517689 0.567789 0.024344 0.042893
1 0.006897 0.819980 0.013745 0.032598
2 0.013773 0.346430 0.027545 0.047309
1 0.007006 0.740496 0.013926 0.033662
0 0.105771 0.103588 0.173235 0.037083
1 0.007046 0.462008 0.014092 0.037344
0 0.905497 0.102867 0.017041 0.035412
1 0.007124 0.661602 0.014219 0.036221
1 0.007112 0.581808 0.014186 0.036266
5 0.513149 0.529663 0.608436 0.919396
1 0.007080 0.502104 0.014111 0.036698
0 0.551872 0.268507 0.021583 0.044331
1 0.006824 0.860428 0.013647 0.034427
0 0.586722 0.535087 0.096447 0.028405
0 0.567832 0.494307 0.058500 0.028995
0 0.583658 0.812421 0.091482 0.028880
0 0.424780 0.328131 0.017785 0.036490
0 0.800757 0.123981 0.018112 0.041162
2 0.151722 0.347061 0.018033 0.043116
0 0.586881 0.694389 0.098001 0.029557
4 0.968375 0.826026 0.062598 0.044470
0 0.580570 0.415109 0.084275 0.031374
0 0.397428 0.328243 0.015215 0.037830
0 0.587238 0.653919 0.098008 0.031505
0 0.303734 0.268793 0.021001 0.043654
4 0.968350 0.867851 0.063300 0.042769
0 0.579619 0.573925 0.082090 0.029031
0 0.033513 0.029537 0.020859 0.042216
0 0.556146 0.454965 0.034606 0.027290
0 0.590694 0.853670 0.104921 0.033522
0 0.560715 0.773934 0.045148 0.027362
0 0.947513 0.030019 0.022402 0.043821
4 0.968722 0.906749 0.061947 0.040308
0 0.914115 0.030123 0.022298 0.043597
0 0.979946 0.029760 0.022660 0.043785
0 0.559409 0.733622 0.042263 0.029092
3 0.398803 0.374528 0.016281 0.030937
4 0.928054 0.826508 0.021365 0.041585
4 0.829735 0.472771 0.028468 0.045169
0 0.354674 0.268032 0.019819 0.041183
0 0.558715 0.614367 0.040433 0.029346
4 0.927882 0.866793 0.021570 0.041133
3 0.424502 0.376872 0.015671 0.033339
3 0.400074 0.415114 0.019358 0.037261
3 0.423811 0.415604 0.015210 0.036280
4 0.825686 0.370544 0.016934 0.036026
4 0.825959 0.267696 0.017481 0.041837
4 0.926638 0.907694 0.017956 0.038199