0 0.443798 0.518112 0.022837 0.041737
0 0.420796 0.518032 0.021217 0.040957
0 0.044417 0.344258 0.021854 0.043398
0 0.399221 0.518007 0.020881 0.040824
0 0.069787 0.344596 0.023037 0.045278
0 0.554751 0.619710 0.023673 0.042352
4 0.298543 0.771129 0.134992 0.044263
0 0.102507 0.343433 0.019174 0.039513
0 0.376969 0.517941 0.022731 0.041006
0 0.325159 0.518288 0.022967 0.041945
4 0.674726 0.770403 0.053067 0.044680
0 0.272828 0.518458 0.023597 0.042864
2 0.778457 0.103219 0.039323 0.040379
4 0.298606 0.721296 0.136196 0.044422
0 0.889620 0.975574 0.069500 0.041150
0 0.301695 0.518430 0.022697 0.041826
0 0.250042 0.518774 0.021903 0.041803
0 0.353481 0.518346 0.022946 0.042318
0 0.227423 0.518685 0.022164 0.042058
4 0.298983 0.872453 0.135549 0.044289
0 0.201203 0.519047 0.018593 0.044103
0 0.928402 0.102586 0.017403 0.034220
1 0.007440 0.577752 0.014668 0.029746
4 0.380083 0.721621 0.030530 0.041472
4 0.674621 0.720692 0.053057 0.042628
0 0.431497 0.365750 0.020396 0.037591
0 0.967858 0.102811 0.047135 0.035793
4 0.785874 0.770451 0.054567 0.043963
0 0.107362 0.103228 0.171709 0.037252
4 0.786244 0.723031 0.054061 0.040460
4 0.380155 0.771202 0.030864 0.041893
0 0.411725 0.102260 0.047218 0.033638
0 0.600444 0.103675 0.119689 0.034530
1 0.007465 0.814896 0.014624 0.030497
4 0.317045 0.166423 0.083757 0.045173
1 0.405092 0.444962 0.016536 0.033828
1 0.007351 0.735801 0.014466 0.030118
0 0.961498 0.976935 0.060730 0.037429
4 0.715648 0.721390 0.030932 0.041381
0 0.692702 0.102684 0.050411 0.032507
2 0.234740 0.166194 0.084220 0.043142
1 0.007406 0.657048 0.014526 0.029620
2 0.368839 0.620130 0.303003 0.042490
1 0.404644 0.405431 0.016266 0.030701
1 0.375291 0.444798 0.016408 0.033757
0 0.355372 0.102603 0.047357 0.033767
0 0.216232 0.102310 0.029647 0.032083
0 0.488409 0.102569 0.088581 0.034310
0 0.844823 0.324252 0.085529 0.032702
1 0.375181 0.364733 0.015163 0.031788
0 0.281190 0.103148 0.083484 0.033725
0 0.990990 0.568683 0.018020 0.044052
0 0.267982 0.672927 0.077958 0.035980
4 0.380619 0.873506 0.030788 0.042123
1 0.007444 0.775013 0.014375 0.031034
1 0.007381 0.696359 0.014427 0.030705
1 0.405165 0.365317 0.016696 0.032715
4 0.432910 0.873197 0.030711 0.042370
0 0.903071 0.102512 0.016821 0.035145
0 0.423421 0.671794 0.049690 0.035246
4 0.539180 0.165485 0.110949 0.042524
4 0.768009 0.872773 0.031001 0.041865
4 0.679163 0.872487 0.154049 0.044445
4 0.715696 0.770464 0.031272 0.042651
0 0.739401 0.101536 0.025432 0.033229
1 0.007336 0.617655 0.014321 0.030625
0 0.836511 0.425565 0.068567 0.034899
1 0.375290 0.404815 0.015217 0.030613
0 0.353669 0.671273 0.059001 0.034752
4 0.432805 0.914057 0.031700 0.028541
4 0.299361 0.913717 0.137764 0.031946
0 0.859818 0.274237 0.116403 0.032512
1 0.007718 0.853609 0.014526 0.031490
1 0.007995 0.459318 0.015365 0.033604
0 0.857174 0.677519 0.114388 0.037757
1 0.007948 0.497785 0.015698 0.032862
0 0.549037 0.672667 0.056315 0.033337
4 0.510491 0.366503 0.137167 0.043818
4 0.834001 0.723812 0.031455 0.038578
0 0.861611 0.374827 0.117936 0.033450
0 0.612058 0.671401 0.036775 0.034340
0 0.573229 0.518683 0.043739 0.042751
1 0.007829 0.538148 0.015423 0.032872
0 0.484352 0.671441 0.042264 0.035071
4 0.832048 0.166062 0.068252 0.043875
0 0.704723 0.670905 0.114799 0.036834
0 0.829941 0.626013 0.057304 0.033800
4 0.380500 0.914374 0.030864 0.027795
2 0.014658 0.343198 0.029101 0.042128
0 0.577787 0.619551 0.021991 0.041837
0 0.713717 0.326910 0.151350 0.040829
0 0.828251 0.524378 0.047269 0.029127
4 0.510693 0.406606 0.136991 0.042049
4 0.767828 0.914463 0.031669 0.028703
0 0.034812 0.031201 0.020400 0.040777
0 0.858094 0.575495 0.109370 0.034019
4 0.511050 0.446039 0.136423 0.040881
4 0.834411 0.770325 0.031472 0.041799
0 0.944212 0.031567 0.022300 0.042054
0 0.911672 0.030614 0.022044 0.041029
0 0.689847 0.432101 0.097827 0.032556
4 0.960078 0.366799 0.042606 0.042420
0 0.819132 0.477356 0.029351 0.027967
0 0.976897 0.031331 0.022167 0.042775
0 0.698322 0.557542 0.195944 0.042269
0 0.709047 0.377732 0.139825 0.038492
4 0.208479 0.365897 0.025049 0.042656
4 0.679899 0.913534 0.154941 0.030535
4 0.573000 0.518261 0.043151 0.044414
4 0.209004 0.406813 0.023991 0.041918
0 0.716432 0.230821 0.158964 0.040437
0 0.669726 0.279345 0.062275 0.035815
0 0.869933 0.221578 0.132743 0.049680
0 0.700044 0.155724 0.190648 0.047369
0 0.618923 0.204248 0.029499 0.049680
0 0.620015 0.252195 0.027313 0.048524
0 0.697859 0.507524 0.196111 0.041592
4 0.959248 0.407010 0.041516 0.036971
4 0.959795 0.445714 0.041516 0.035815
2 0.100240 0.460155 0.161149 0.034660
0 0.178712 0.344993 0.017207 0.019756
4 0.209914 0.448178 0.024758 0.035650