0 0.091674 0.294375 0.022054 0.039082
0 0.039942 0.293544 0.019927 0.036833
0 0.062762 0.294249 0.021754 0.037401
4 0.782204 0.289622 0.435592 0.166521
1 0.478683 0.696479 0.018373 0.032499
2 0.616677 0.393421 0.107617 0.037556
1 0.205281 0.798589 0.014844 0.029071
1 0.007010 0.427357 0.013867 0.029307
0 0.186322 0.610023 0.018962 0.035985
1 0.006833 0.494316 0.013600 0.029294
2 0.739328 0.611271 0.259083 0.043443
0 0.898163 0.975552 0.063334 0.036346
1 0.006866 0.596717 0.013615 0.028751
0 0.204131 0.091749 0.027211 0.027116
2 0.379966 0.611402 0.154436 0.034824
1 0.479032 0.730554 0.018402 0.032078
1 0.006858 0.563145 0.013560 0.027993
1 0.006931 0.392593 0.013801 0.030092
2 0.013319 0.293683 0.026615 0.038018
1 0.006841 0.698685 0.013579 0.029124
0 0.543869 0.092864 0.045786 0.028242
1 0.479062 0.866084 0.017946 0.032182
1 0.479012 0.798606 0.018032 0.031231
1 0.479069 0.832396 0.018332 0.032213
1 0.205312 0.696521 0.015082 0.029691
1 0.479079 0.764009 0.017850 0.031930
0 0.379133 0.092482 0.042513 0.028731
2 0.748697 0.091477 0.072677 0.029703
1 0.205281 0.900211 0.014776 0.029047
1 0.006832 0.664759 0.013534 0.028180
0 0.968787 0.092243 0.041661 0.030476
1 0.205367 0.865934 0.014643 0.028945
1 0.478992 0.899877 0.018102 0.029902
0 0.462220 0.093525 0.104272 0.030434
0 0.106845 0.093172 0.151034 0.032176
0 0.328579 0.092440 0.042685 0.028591
1 0.006847 0.460721 0.013541 0.028299
1 0.205052 0.832879 0.015028 0.029102
0 0.962351 0.975959 0.054893 0.034436
0 0.386827 0.176910 0.030340 0.029478
0 0.655011 0.093435 0.101629 0.031962
1 0.205101 0.731037 0.014900 0.028820
2 0.809158 0.091666 0.034087 0.027472
1 0.205426 0.763947 0.014506 0.028662
1 0.006898 0.529431 0.013662 0.028541
0 0.186062 0.176218 0.018788 0.032757
1 0.006881 0.631364 0.013646 0.028430
4 0.541030 0.696376 0.071625 0.036262
1 0.006811 0.733910 0.013622 0.028877
4 0.386866 0.730046 0.110871 0.036653
0 0.585246 0.092646 0.022386 0.028171
4 0.540253 0.730243 0.070731 0.035945
4 0.810286 0.696964 0.074083 0.036083
4 0.686586 0.831883 0.038722 0.035084
4 0.686409 0.696667 0.038621 0.035823
4 0.686601 0.763209 0.038739 0.036907
4 0.686542 0.798382 0.038894 0.036342
4 0.810440 0.730697 0.071944 0.035973
4 0.540405 0.831843 0.070748 0.036055
4 0.686538 0.729350 0.038867 0.035588
0 0.262528 0.093188 0.075342 0.029577
4 0.540273 0.865566 0.071444 0.037961
4 0.621827 0.730415 0.092888 0.035574
4 0.686634 0.865106 0.038777 0.037420
4 0.621737 0.798514 0.093579 0.036958
4 0.540647 0.798356 0.071084 0.036620
4 0.540207 0.763543 0.071522 0.037538
4 0.622040 0.763491 0.094365 0.037984
4 0.387698 0.798006 0.112675 0.037195
4 0.540833 0.901252 0.071604 0.036764
1 0.223941 0.730550 0.017961 0.031302
4 0.726966 0.730625 0.043158 0.035372
4 0.621994 0.831989 0.093114 0.035954
1 0.224252 0.695827 0.018118 0.032037
4 0.970669 0.730617 0.058285 0.036322
4 0.726443 0.831961 0.042667 0.035822
0 0.910604 0.092468 0.015391 0.029552
1 0.224037 0.832297 0.018045 0.031633
4 0.387854 0.763117 0.112716 0.037777
1 0.479017 0.925146 0.017187 0.019421
4 0.622286 0.865448 0.094830 0.038575
1 0.223982 0.899426 0.017669 0.031154
1 0.224014 0.865651 0.018121 0.031679
4 0.387041 0.831453 0.110616 0.036864
0 0.507980 0.176386 0.071016 0.030804
0 0.933118 0.092488 0.014933 0.028608
4 0.894689 0.798447 0.099802 0.037310
1 0.224137 0.763467 0.017946 0.031580
4 0.622454 0.696565 0.095165 0.037587
4 0.810386 0.798338 0.073500 0.036663
4 0.726590 0.763172 0.043093 0.036540
4 0.810383 0.831838 0.072190 0.036121
1 0.224306 0.797740 0.017519 0.031609
4 0.387673 0.864891 0.112244 0.037853
4 0.686708 0.902067 0.038878 0.038356
4 0.726536 0.865626 0.043014 0.037219
4 0.810039 0.763403 0.073068 0.037859
4 0.810270 0.865449 0.073491 0.038502
4 0.970968 0.763652 0.057995 0.037317
4 0.726464 0.798531 0.043027 0.036332
4 0.894340 0.730299 0.097555 0.036008
4 0.726269 0.696895 0.042840 0.035236
4 0.971073 0.798893 0.057546 0.037267
0 0.584650 0.176622 0.054746 0.030339
4 0.971060 0.696501 0.057879 0.038188
4 0.622269 0.902219 0.094904 0.038402
4 0.726638 0.901944 0.043319 0.038420
4 0.895133 0.901021 0.100509 0.037887
4 0.810535 0.900995 0.074234 0.037239
4 0.253280 0.900142 0.039793 0.034778
4 0.894723 0.696990 0.099902 0.036694
4 0.894688 0.763275 0.099567 0.037734
4 0.253071 0.865235 0.039993 0.035308
4 0.894284 0.831349 0.098381 0.036714
0 0.684350 0.177653 0.112327 0.029676
4 0.387463 0.901712 0.112111 0.038920
4 0.760605 0.729989 0.028266 0.035302
4 0.381214 0.137560 0.074780 0.029658
4 0.970729 0.832058 0.058017 0.035631
4 0.387167 0.696646 0.110378 0.037192
4 0.894829 0.865131 0.099347 0.038232
4 0.253202 0.730061 0.039622 0.035918
4 0.253146 0.695496 0.039579 0.035316
4 0.970964 0.865558 0.057878 0.038141
4 0.760936 0.696537 0.027831 0.035616
4 0.760674 0.798444 0.027602 0.036282
4 0.760652 0.831933 0.028304 0.035251
4 0.455334 0.729941 0.029170 0.035100
4 0.760650 0.763689 0.027581 0.036462
4 0.252986 0.832226 0.039154 0.034942
4 0.454539 0.696454 0.027977 0.035674
4 0.760717 0.865651 0.027615 0.037114
4 0.253520 0.763511 0.039110 0.035340
4 0.971203 0.901963 0.057408 0.038280
4 0.253101 0.797917 0.039791 0.035164
4 0.760811 0.901177 0.027516 0.036531
0 0.437703 0.175950 0.041021 0.030725
4 0.455478 0.832013 0.029314 0.035242
0 0.918119 0.030289 0.020990 0.038228
4 0.455289 0.798109 0.029541 0.036023
0 0.948243 0.030009 0.020622 0.039012
0 0.041731 0.030780 0.018647 0.037901
4 0.455324 0.762817 0.029291 0.036198
4 0.455536 0.865035 0.029642 0.036574
4 0.455236 0.900917 0.029076 0.035860
4 0.831881 0.133866 0.073949 0.033725
0 0.976921 0.030397 0.021150 0.039986
2 0.272112 0.133578 0.134354 0.033252
0 0.250880 0.176590 0.081750 0.030990
4 0.290179 0.696416 0.037213 0.035340
4 0.622235 0.136868 0.188668 0.032512
4 0.291605 0.730898 0.036259 0.037595
4 0.291912 0.766613 0.033186 0.031329
4 0.292527 0.801075 0.036873 0.035088
4 0.291912 0.834283 0.038102 0.031329
4 0.290991 0.867492 0.036259 0.032582
4 0.291605 0.901327 0.035029 0.032582
0 0.186517 0.138157 0.019051 0.027569
0 0.333088 0.179511 0.055310 0.030076
0 0.816126 0.180137 0.121681 0.028823
0 0.905851 0.175751 0.031957 0.040101
0 0.967367 0.179511 0.065265 0.030076
0 0.161466 0.296399 0.017078 0.018995