4 0.390829 0.237196 0.085979 0.036610
4 0.145140 0.277291 0.037823 0.034888
4 0.367481 0.277475 0.038259 0.034942
4 0.372694 0.764940 0.048001 0.035523
4 0.149492 0.765226 0.046060 0.034508
0 0.920222 0.980178 0.048818 0.032440
4 0.158971 0.724187 0.065840 0.033642
4 0.369337 0.644450 0.042453 0.033891
4 0.168189 0.236574 0.085383 0.036803
4 0.168226 0.877184 0.066710 0.035245
0 0.970702 0.979929 0.050129 0.032375
4 0.381520 0.723961 0.066525 0.034696
4 0.162890 0.318592 0.073790 0.034712
4 0.182427 0.603224 0.112791 0.035005
4 0.143596 0.683776 0.035714 0.034450
4 0.365667 0.684013 0.034613 0.033634
4 0.146698 0.643330 0.041283 0.035103
4 0.386288 0.318647 0.076073 0.035749
4 0.405145 0.603513 0.113340 0.035525
4 0.229774 0.564365 0.206629 0.037149
4 0.453088 0.562464 0.211193 0.033380
4 0.162697 0.358577 0.074584 0.035694
4 0.386806 0.359100 0.077307 0.034241
1 0.131179 0.439259 0.010280 0.021522
0 0.416355 0.358897 0.015109 0.031386
1 0.131626 0.480900 0.011174 0.020587
0 0.416236 0.318784 0.014626 0.031480
2 0.983981 0.082528 0.029479 0.032672
1 0.131179 0.520201 0.009386 0.020587
0 0.452372 0.603320 0.015179 0.032767
0 0.202915 0.236617 0.014872 0.033481
0 0.402740 0.939391 0.032241 0.030835
0 0.425070 0.236809 0.015595 0.033329
0 0.552281 0.562844 0.014483 0.031298
1 0.131626 0.399957 0.011174 0.019651
0 0.194044 0.318751 0.013270 0.031004
0 0.184640 0.724588 0.013532 0.030787
0 0.565592 0.767186 0.015212 0.027675
0 0.565730 0.279821 0.014886 0.030304
0 0.228806 0.604000 0.015510 0.032011
0 0.566178 0.237947 0.015106 0.030437
0 0.565701 0.320711 0.014939 0.028640
0 0.406967 0.724480 0.014765 0.031954
0 0.032618 0.022773 0.017254 0.036044
0 0.566173 0.725648 0.015268 0.031712
0 0.567177 0.563324 0.012039 0.029783
0 0.949041 0.023549 0.020177 0.037954
0 0.566085 0.359055 0.016205 0.030056
0 0.975937 0.023153 0.019644 0.038854
0 0.329554 0.562282 0.014156 0.031571
0 0.921811 0.023324 0.018975 0.035919
0 0.384633 0.644083 0.013633 0.030802
0 0.194637 0.358673 0.011991 0.031431
0 0.378692 0.277951 0.016059 0.032229
0 0.565846 0.605998 0.014019 0.028403
0 0.388752 0.765342 0.015431 0.032185
0 0.565651 0.645413 0.014972 0.030231
0 0.564941 0.683958 0.017878 0.029944
0 0.504827 0.939418 0.165817 0.029944
0 0.166041 0.764900 0.012961 0.032751
0 0.161125 0.642785 0.012961 0.035559
0 0.157102 0.277374 0.014749 0.030880