0 0.355306 0.266697 0.021483 0.043147
0 0.329572 0.267023 0.022405 0.043534
0 0.246305 0.266454 0.024688 0.046787
0 0.068112 0.344113 0.022283 0.042622
0 0.100722 0.345353 0.017466 0.041400
0 0.278411 0.266455 0.022408 0.044227
0 0.133794 0.345899 0.018403 0.040842
1 0.906793 0.863459 0.019477 0.037019
0 0.042817 0.344309 0.021547 0.042342
0 0.303902 0.266481 0.021319 0.043721
0 0.931509 0.100131 0.016003 0.033384
0 0.697008 0.953071 0.055352 0.037316
5 0.508662 0.517937 0.617296 0.914770
0 0.892427 0.978765 0.072159 0.035968
4 0.980865 0.164059 0.038269 0.043791
1 0.906386 0.903809 0.019628 0.037198
0 0.518077 0.565222 0.024234 0.043804
1 0.906693 0.823548 0.019376 0.036904
0 0.105645 0.101246 0.173090 0.038115
0 0.906057 0.100482 0.016907 0.035373
0 0.762478 0.954134 0.059377 0.036201
0 0.517792 0.513993 0.024411 0.045445
0 0.970945 0.099809 0.045930 0.034113
0 0.964946 0.980857 0.061315 0.034064
0 0.553550 0.266816 0.019868 0.044356
1 0.005240 0.580264 0.010480 0.026061
1 0.005240 0.660542 0.010480 0.024897
4 0.844606 0.164596 0.059227 0.045669
1 0.005434 0.739325 0.010868 0.027342
1 0.005434 0.502875 0.010868 0.024753
1 0.005434 0.820019 0.010868 0.027012
1 0.005434 0.621109 0.010868 0.023591
1 0.005240 0.539719 0.010480 0.027481
0 0.425753 0.326220 0.021206 0.041764
1 0.005628 0.700072 0.011256 0.024746
1 0.005240 0.779652 0.010480 0.025487
1 0.005240 0.861149 0.010480 0.026761
1 0.005434 0.462557 0.010868 0.024976
2 0.013779 0.344868 0.027558 0.040430
4 0.968070 0.823303 0.063814 0.043985
4 0.967969 0.903570 0.063632 0.041704
0 0.587191 0.571982 0.096360 0.029568
0 0.398307 0.326229 0.018064 0.040619
4 0.967989 0.864024 0.063842 0.043047
0 0.183201 0.346106 0.018631 0.041255
0 0.581455 0.412327 0.084015 0.028747
0 0.801271 0.122161 0.018089 0.040410
0 0.033216 0.027419 0.021032 0.041507
0 0.587677 0.692157 0.096648 0.030768
0 0.587475 0.730814 0.095835 0.030090
0 0.980775 0.029205 0.021895 0.042194
0 0.568459 0.533200 0.057933 0.028310
0 0.948189 0.028712 0.021805 0.042062
0 0.914910 0.027679 0.022436 0.042359
0 0.569026 0.492972 0.057957 0.028849
0 0.579465 0.612781 0.081180 0.029647
0 0.572646 0.327363 0.067408 0.033368
2 0.909190 0.725026 0.181211 0.040312
3 0.398493 0.374759 0.014223 0.031805
3 0.426232 0.376026 0.013862 0.027620
2 0.150986 0.344868 0.015526 0.038780
0 0.568373 0.456278 0.055836 0.031354
0 0.575221 0.651680 0.072693 0.034713
0 0.563369 0.772616 0.046882 0.039192
0 0.563369 0.815728 0.046882 0.035833
0 0.584703 0.854361 0.088496 0.036953
4 0.826600 0.266467 0.019238 0.038170
4 0.825959 0.368026 0.019238 0.042260
4 0.829486 0.470949 0.025010 0.040896