0 0.044810 0.349191 0.022432 0.044336
4 0.648346 0.272811 0.384724 0.038300
0 0.104088 0.349433 0.024151 0.046121
0 0.071438 0.349126 0.023890 0.045798
0 0.135729 0.349513 0.021207 0.043838
4 0.649608 0.375432 0.382199 0.043919
4 0.683706 0.476083 0.329645 0.046634
0 0.284736 0.104297 0.085237 0.033442
4 0.468927 0.475172 0.099573 0.044508
2 0.499384 0.733474 0.172433 0.040429
4 0.874892 0.732008 0.250216 0.045759
0 0.281253 0.728921 0.020557 0.039212
0 0.280833 0.218541 0.021453 0.040541
0 0.415545 0.103998 0.046892 0.032265
4 0.439155 0.372407 0.038898 0.043717
4 0.431983 0.270034 0.025202 0.045616
1 0.912792 0.829915 0.019412 0.037400
1 0.323292 0.909959 0.019267 0.036851
0 0.897810 0.983214 0.070802 0.033572
4 0.775039 0.168227 0.209257 0.046648
1 0.912613 0.910154 0.019422 0.037856
1 0.912740 0.870174 0.019588 0.037109
0 0.358933 0.104190 0.046477 0.032539
4 0.971354 0.871254 0.057291 0.041569
0 0.725542 0.104861 0.111905 0.034770
4 0.140605 0.585648 0.248790 0.042358
0 0.648847 0.103409 0.025845 0.031577
0 0.108199 0.104300 0.171209 0.036016
4 0.539557 0.871299 0.140184 0.042037
1 0.302504 0.829698 0.017508 0.035401
0 0.602012 0.104376 0.050564 0.031774
4 0.971285 0.830208 0.057406 0.044230
0 0.218150 0.104297 0.029892 0.031732
0 0.508076 0.105379 0.118862 0.034084
4 0.140759 0.465900 0.249150 0.043729
4 0.140971 0.744880 0.249773 0.042460
2 0.379301 0.169587 0.156573 0.042764
4 0.499216 0.167739 0.083367 0.042389
4 0.539004 0.830203 0.141176 0.044042
4 0.140436 0.625884 0.248666 0.042772
0 0.937949 0.103559 0.017535 0.033120
4 0.398374 0.830030 0.043960 0.042659
4 0.140272 0.506793 0.248870 0.042943
1 0.302596 0.870177 0.017891 0.035095
2 0.810437 0.104105 0.036925 0.032465
4 0.398664 0.870711 0.043649 0.041084
4 0.141922 0.546406 0.247737 0.042321
4 0.140870 0.784831 0.249288 0.042074
1 0.323467 0.829694 0.019747 0.037429
4 0.355588 0.829639 0.044716 0.041797
0 0.977222 0.103812 0.045533 0.033444
4 0.678869 0.871342 0.142234 0.042585
4 0.809454 0.871228 0.121504 0.042211
4 0.809320 0.830109 0.121773 0.044060
4 0.538987 0.910860 0.141258 0.042426
4 0.139719 0.666208 0.249759 0.042337
0 0.483125 0.218605 0.036686 0.031490
2 0.154461 0.349588 0.018356 0.043846
0 0.554840 0.222027 0.074355 0.034019
4 0.139420 0.705562 0.249542 0.042320
4 0.679489 0.830206 0.142794 0.043770
4 0.355434 0.869962 0.045027 0.040948
4 0.355430 0.910376 0.045246 0.041627
0 0.672499 0.219950 0.127555 0.032616
0 0.969883 0.984667 0.059760 0.030666
4 0.809107 0.911586 0.122199 0.044129
1 0.323578 0.870053 0.019281 0.036914
0 0.281125 0.167728 0.024340 0.047468
4 0.008567 0.744603 0.017134 0.041868
4 0.678815 0.911713 0.141395 0.044169
2 0.014965 0.349839 0.029930 0.045623
4 0.971061 0.911291 0.057878 0.042557
4 0.457147 0.829685 0.025798 0.041708
4 0.008574 0.664948 0.017148 0.041841
4 0.398747 0.910936 0.044015 0.042119
0 0.911229 0.103908 0.017218 0.035112
4 0.984392 0.165703 0.031216 0.040115
4 0.139447 0.825321 0.250513 0.042385
4 0.008477 0.584936 0.016954 0.040634
4 0.008547 0.824101 0.017090 0.041670
0 0.302062 0.218836 0.015088 0.032306
4 0.008456 0.624235 0.016912 0.039435
1 0.302778 0.910697 0.018100 0.035534
4 0.008416 0.783659 0.016832 0.039276
4 0.457155 0.911020 0.026013 0.041606
4 0.008569 0.505474 0.017113 0.042059
4 0.008614 0.704250 0.017175 0.042078
0 0.779664 0.218992 0.052990 0.034776
4 0.457211 0.870694 0.025668 0.039837
4 0.140995 0.865390 0.251692 0.043197
4 0.008596 0.544993 0.017130 0.042068
4 0.431916 0.870937 0.025923 0.040624
4 0.431903 0.830004 0.026059 0.042039
4 0.008577 0.863974 0.017154 0.042990
4 0.432027 0.910934 0.025653 0.041612
0 0.380408 0.219168 0.135309 0.033848
4 0.008395 0.465134 0.016790 0.040432
0 0.036000 0.030190 0.021399 0.042400
0 0.920442 0.029892 0.021931 0.042918
0 0.987780 0.031483 0.021412 0.042571
0 0.953277 0.031335 0.022583 0.044355
4 0.885502 0.910079 0.027313 0.039073
4 0.885502 0.872708 0.028406 0.035709
4 0.933227 0.830220 0.020462 0.039752
4 0.886321 0.831061 0.030045 0.040621
4 0.932208 0.869941 0.019119 0.039461
4 0.932481 0.909982 0.018573 0.040621