4 0.166213 0.420498 0.022691 0.034516
4 0.166496 0.460767 0.023258 0.035795
4 0.163093 0.504871 0.014182 0.031959
4 0.163660 0.634626 0.016451 0.033238
4 0.208759 0.678091 0.106649 0.033238
4 0.165929 0.721555 0.022124 0.038351
4 0.163093 0.850032 0.016451 0.034516
4 0.207624 0.892219 0.106649 0.034516
4 0.459151 0.891540 0.106451 0.036128
4 0.417148 0.676940 0.023727 0.034683
4 0.417148 0.721738 0.023727 0.037573
4 0.420033 0.419708 0.029499 0.031793
4 0.410735 0.461617 0.009619 0.031793
4 0.437668 0.504248 0.064769 0.033238
4 0.210979 0.202218 0.243683 0.033238
4 0.210979 0.244849 0.242401 0.031793
4 0.104207 0.290370 0.027575 0.036128
0 0.957473 0.978342 0.056539 0.036008
0 0.422812 0.463156 0.009833 0.030468
0 0.028577 0.159169 0.011676 0.037392
0 0.081735 0.157092 0.083579 0.038777
0 0.182522 0.155707 0.090954 0.038777
0 0.289147 0.157092 0.100172 0.038777
0 0.399459 0.157092 0.100787 0.033238
0 0.507928 0.158477 0.098943 0.033238
0 0.618240 0.158477 0.097099 0.033238
0 0.710423 0.161939 0.061455 0.034623
0 0.779867 0.161246 0.056539 0.030468
0 0.873279 0.159862 0.100787 0.033238
0 0.954707 0.159862 0.010447 0.030468
0 0.970993 0.164016 0.017207 0.019389
0 0.968228 0.083692 0.042404 0.030468
0 0.922443 0.020678 0.018437 0.037392
0 0.948255 0.021371 0.015978 0.033238
0 0.974680 0.022063 0.017207 0.037392
0 0.033493 0.019986 0.016593 0.033238
0 0.048242 0.084384 0.051008 0.029083
0 0.129363 0.087154 0.098943 0.037392
0 0.225234 0.086461 0.080506 0.038777
0 0.317416 0.087154 0.087881 0.031853
0 0.393006 0.085077 0.049779 0.033238
2 0.440020 0.082999 0.030728 0.031853
0 0.470747 0.204179 0.025811 0.033238
0 0.495329 0.247803 0.022124 0.034623