1 0.017993 0.693472 0.013543 0.025305
4 0.373739 0.662467 0.114686 0.035308
4 0.373611 0.502711 0.115479 0.034776
1 0.017743 0.565936 0.013781 0.025329
4 0.373607 0.630578 0.115469 0.034711
1 0.017808 0.438798 0.013228 0.024565
4 0.480680 0.662641 0.101804 0.035212
4 0.480735 0.630347 0.101644 0.033989
4 0.373681 0.535230 0.115249 0.034742
4 0.480769 0.535135 0.101498 0.034361
4 0.373911 0.598715 0.114819 0.033567
0 0.718571 0.081277 0.042315 0.026700
4 0.480702 0.502580 0.101534 0.033963
4 0.659480 0.502284 0.040431 0.034251
4 0.466320 0.154166 0.067792 0.035236
4 0.659525 0.629948 0.040533 0.033815
4 0.373638 0.567110 0.115208 0.034148
4 0.480539 0.567214 0.101379 0.034059
4 0.659623 0.661852 0.040540 0.034358
4 0.543037 0.630329 0.025815 0.033708
4 0.373587 0.695255 0.115121 0.034633
4 0.480980 0.598808 0.101547 0.033254
1 0.017935 0.534033 0.013710 0.025846
4 0.289054 0.154166 0.032509 0.037556
4 0.112013 0.565984 0.104292 0.034863
4 0.451627 0.195565 0.037720 0.036593
0 0.771161 0.081097 0.051291 0.027435
4 0.659549 0.534501 0.040292 0.034097
4 0.543062 0.502835 0.025749 0.033954
0 0.317760 0.081398 0.049863 0.026444
4 0.480587 0.695258 0.101350 0.034640
4 0.659638 0.694564 0.040746 0.034419
0 0.427812 0.082930 0.058891 0.032165
4 0.373745 0.727058 0.115147 0.034085
4 0.597906 0.662181 0.085705 0.035081
4 0.140389 0.194951 0.068010 0.035482
4 0.141129 0.154737 0.068816 0.037631
4 0.374028 0.470554 0.114581 0.033949
1 0.018314 0.661253 0.013269 0.025598
0 0.508368 0.081833 0.090330 0.028339
4 0.480363 0.726103 0.102087 0.033480
4 0.659585 0.598573 0.040316 0.033265
4 0.598173 0.534816 0.086010 0.034490
4 0.659531 0.566591 0.040577 0.034293
0 0.153448 0.836339 0.019064 0.034110
4 0.597909 0.630236 0.085684 0.034109
4 0.480995 0.470619 0.100370 0.033705
4 0.240185 0.534887 0.154445 0.035542
0 0.650754 0.081549 0.080592 0.027398
0 0.914477 0.979991 0.057818 0.031517
4 0.240225 0.502521 0.153851 0.034298
4 0.240026 0.566750 0.154827 0.034912
4 0.240146 0.630450 0.153687 0.034294
1 0.018154 0.408051 0.013053 0.024604
0 0.853667 0.081585 0.103074 0.027630
4 0.597769 0.598561 0.085416 0.033448
4 0.731662 0.630255 0.056578 0.034156
4 0.597452 0.726143 0.086056 0.033336
1 0.018404 0.312283 0.014045 0.026696
0 0.145137 0.081360 0.064996 0.027358
4 0.597400 0.566570 0.086300 0.034588
4 0.659644 0.726632 0.040544 0.032970
0 0.057670 0.081575 0.095147 0.026702
4 0.598032 0.502223 0.086119 0.034435
4 0.112239 0.534503 0.104381 0.034233
1 0.018125 0.376935 0.013676 0.026137
4 0.480502 0.345626 0.101154 0.035471
0 0.234932 0.081327 0.103057 0.027023
4 0.480469 0.439197 0.101599 0.033967
4 0.111975 0.469901 0.104518 0.033635
4 0.112040 0.630410 0.104084 0.035423
0 0.371012 0.082287 0.044864 0.027531
4 0.112084 0.598122 0.104180 0.033902
4 0.112085 0.725766 0.103990 0.033921
0 0.581975 0.081451 0.043507 0.026144
4 0.111727 0.502126 0.104550 0.034899
4 0.480600 0.407965 0.101453 0.032546
4 0.373865 0.438900 0.114942 0.034548
4 0.240126 0.662642 0.154456 0.036220
4 0.239907 0.598566 0.155095 0.034298
0 0.973787 0.980155 0.050504 0.029478
4 0.542983 0.661923 0.025767 0.033930
4 0.543056 0.534658 0.025595 0.033336
4 0.408121 0.838071 0.037343 0.034925
4 0.543048 0.694537 0.026000 0.033708
4 0.597663 0.694774 0.085242 0.034738
4 0.112087 0.662290 0.103826 0.035350
4 0.373121 0.785276 0.113082 0.031751
4 0.373372 0.377482 0.115384 0.033895
4 0.543009 0.726984 0.025702 0.032981
4 0.542994 0.598745 0.025574 0.032846
0 0.979405 0.081837 0.040657 0.028930
1 0.018113 0.344704 0.014312 0.027197
4 0.731593 0.662052 0.055945 0.034461
4 0.480548 0.377492 0.101274 0.033323
4 0.240226 0.694909 0.154122 0.035465
1 0.017736 0.470619 0.013546 0.026860
4 0.731481 0.534589 0.056120 0.033913
4 0.731482 0.566511 0.056348 0.034055
4 0.543105 0.566539 0.025811 0.033226
4 0.543025 0.754384 0.025595 0.026214
4 0.240152 0.470623 0.154887 0.034392
1 0.018094 0.725473 0.014223 0.027553
4 0.731556 0.694606 0.056368 0.034494
4 0.373801 0.408226 0.115277 0.032964
4 0.659621 0.756283 0.040230 0.030690
4 0.731440 0.598574 0.056672 0.033052
4 0.111707 0.694561 0.103877 0.034618
4 0.659633 0.470381 0.040229 0.033640
4 0.731303 0.502322 0.056157 0.034129
4 0.598019 0.470368 0.085978 0.033642
4 0.240222 0.438964 0.154797 0.034721
4 0.691494 0.630096 0.025732 0.033839
4 0.480191 0.784635 0.101439 0.033190
4 0.731443 0.726497 0.056755 0.033310
4 0.240156 0.408214 0.154858 0.033742
4 0.691426 0.502516 0.025750 0.034223
4 0.239815 0.726162 0.154392 0.034423
4 0.112076 0.438650 0.104730 0.034155
4 0.542980 0.784518 0.025446 0.033518
4 0.691616 0.694415 0.025718 0.033856
4 0.542928 0.470748 0.025455 0.033018
4 0.691527 0.598623 0.025575 0.033062
4 0.111869 0.785998 0.104109 0.033066
4 0.598726 0.438525 0.087385 0.034403
4 0.239983 0.345576 0.155036 0.036265
4 0.691541 0.566458 0.025710 0.033499
4 0.240037 0.377315 0.154676 0.033999
4 0.691604 0.726973 0.025557 0.033089
1 0.017723 0.597697 0.013954 0.026879
4 0.731636 0.757420 0.056876 0.033276
4 0.772814 0.630312 0.029116 0.033036
4 0.597500 0.345105 0.085410 0.036213
4 0.659717 0.438353 0.040267 0.034232
4 0.888831 0.565843 0.097155 0.035533
4 0.659594 0.785430 0.040109 0.031163
4 0.480096 0.311918 0.100068 0.033843
4 0.691494 0.534635 0.025773 0.033658
1 0.018116 0.756931 0.014157 0.026463
4 0.598527 0.407670 0.087466 0.032688
4 0.112435 0.407797 0.104411 0.033234
4 0.888949 0.597998 0.097061 0.033908
4 0.801284 0.630211 0.029925 0.033592
4 0.731272 0.469493 0.056493 0.031592
1 0.017623 0.502495 0.013882 0.026538
4 0.598412 0.377079 0.087344 0.033779
4 0.543005 0.438378 0.025751 0.033326
4 0.691581 0.661900 0.025772 0.034121
4 0.659504 0.376997 0.040477 0.033278
1 0.017769 0.629240 0.013831 0.026344
4 0.772341 0.598346 0.029747 0.032839
4 0.373696 0.345556 0.113671 0.035750
4 0.659517 0.345169 0.039897 0.035224
4 0.112377 0.376992 0.104243 0.034367
4 0.240383 0.756751 0.153307 0.033439
4 0.480895 0.756164 0.101527 0.031902
4 0.731078 0.784257 0.055510 0.031603
2 0.929003 0.082021 0.034194 0.029513
4 0.772538 0.534330 0.029591 0.033239
4 0.691402 0.785598 0.025756 0.028183
4 0.888772 0.534413 0.097515 0.034927
4 0.888915 0.630252 0.097045 0.034911
4 0.659540 0.407206 0.040448 0.031954
4 0.597771 0.756228 0.085092 0.031600
4 0.772282 0.566225 0.029862 0.033549
4 0.691538 0.470530 0.025635 0.033202
4 0.240444 0.784924 0.153671 0.032595
4 0.542970 0.345093 0.025077 0.035842
4 0.240114 0.312216 0.155204 0.034582
4 0.112542 0.345294 0.103716 0.036059
4 0.772638 0.662074 0.029389 0.033414
4 0.888834 0.725610 0.096619 0.033435
4 0.801095 0.598073 0.030539 0.032935
4 0.888841 0.501928 0.097355 0.035043
4 0.112017 0.756920 0.104397 0.034068
4 0.542880 0.407376 0.025728 0.031425
4 0.801365 0.502203 0.030194 0.034216
4 0.801088 0.566273 0.030621 0.034000
4 0.772593 0.502330 0.029402 0.033879
4 0.828601 0.629708 0.026688 0.034045
4 0.801200 0.534137 0.030425 0.033821
4 0.888858 0.694417 0.096370 0.034608
4 0.542827 0.377093 0.025518 0.032717
4 0.598393 0.311111 0.087695 0.033974
4 0.888829 0.662189 0.096858 0.035050
4 0.772325 0.694362 0.029723 0.033598
4 0.730596 0.344978 0.055244 0.035812
4 0.888718 0.782832 0.096727 0.034841
4 0.772503 0.725321 0.028823 0.030128
4 0.731418 0.438070 0.056352 0.034115
4 0.691570 0.438177 0.025753 0.033535
4 0.801139 0.694442 0.030381 0.033994
4 0.801431 0.756718 0.030033 0.031820
4 0.888715 0.469206 0.097461 0.033668
4 0.730206 0.311763 0.055216 0.032345
4 0.730755 0.376960 0.055257 0.032536
4 0.801145 0.661880 0.030071 0.034102
4 0.801133 0.469946 0.030762 0.033233
0 0.021816 0.024636 0.016704 0.034873
4 0.691222 0.345250 0.024653 0.035539
4 0.772799 0.785584 0.028728 0.029648
4 0.772615 0.756869 0.029050 0.031559
4 0.800976 0.725687 0.030419 0.031579
4 0.888641 0.344328 0.097105 0.037562
4 0.772467 0.469435 0.028530 0.030469
4 0.800851 0.784403 0.030193 0.030757
4 0.731258 0.407317 0.056375 0.031876
1 0.018913 0.787651 0.015256 0.027044
0 0.960728 0.025025 0.018531 0.035773
4 0.828628 0.533426 0.026396 0.033525
4 0.801132 0.438088 0.030641 0.034100
4 0.828604 0.661777 0.026968 0.034675
4 0.888914 0.438062 0.097039 0.034244
4 0.690904 0.377013 0.024911 0.031948
0 0.933475 0.024231 0.018735 0.034439
4 0.828668 0.565814 0.026093 0.034763
4 0.888685 0.376669 0.097968 0.034325
4 0.828604 0.694119 0.026446 0.033982
4 0.828458 0.502150 0.026475 0.034725
4 0.949102 0.502564 0.025392 0.034128
0 0.988493 0.025338 0.019283 0.036129
4 0.828372 0.597850 0.026660 0.033685
4 0.772167 0.439256 0.028647 0.027875
4 0.828598 0.726653 0.026268 0.032864
4 0.542533 0.311644 0.025343 0.031545
4 0.373345 0.756318 0.114741 0.031680
4 0.888690 0.407320 0.096919 0.032880
4 0.948982 0.630561 0.025477 0.033962
4 0.828551 0.470038 0.026163 0.033399
4 0.949011 0.534120 0.025319 0.033376
4 0.828645 0.756966 0.026279 0.032177
4 0.691377 0.407153 0.025482 0.031321
4 0.948784 0.566079 0.025289 0.033265
4 0.948648 0.437973 0.025385 0.033250
4 0.948557 0.597902 0.025515 0.032587
4 0.659595 0.311970 0.040013 0.032022
4 0.597972 0.787258 0.086033 0.029130
4 0.828445 0.438109 0.026521 0.033895
4 0.948557 0.470003 0.025612 0.033034
4 0.112316 0.311480 0.103338 0.034767
4 0.948946 0.407156 0.025402 0.031483
4 0.801016 0.377294 0.030802 0.033783
4 0.828508 0.783694 0.026860 0.031326
4 0.828553 0.407041 0.026470 0.031947
4 0.949089 0.376876 0.025823 0.033624
4 0.801408 0.344158 0.030388 0.036244
4 0.948914 0.344135 0.025604 0.036921
4 0.801322 0.407094 0.030294 0.031487
4 0.691618 0.757332 0.025390 0.028349
4 0.771960 0.377250 0.028928 0.032976
4 0.948536 0.311267 0.025478 0.032764
4 0.888797 0.757408 0.096777 0.032859
4 0.828455 0.376838 0.026349 0.033784
4 0.948915 0.661859 0.025684 0.033434
4 0.772493 0.342351 0.026865 0.032325
4 0.773019 0.408079 0.026865 0.030170
4 0.827539 0.342351 0.023177 0.032325