4 0.179722 0.172456 0.046979 0.034716
4 0.168524 0.220480 0.025675 0.033559
4 0.178630 0.265612 0.046979 0.038188
4 0.178903 0.311322 0.047525 0.034716
2 0.210587 0.091451 0.038785 0.034716
2 0.396045 0.292806 0.126734 0.037031
0 0.024135 0.023471 0.020113 0.041186
0 0.049946 0.088801 0.086484 0.049708
0 0.141124 0.088801 0.082462 0.049708
0 0.037208 0.398409 0.058327 0.049708
0 0.906074 0.025602 0.018101 0.036926
0 0.936578 0.024181 0.021453 0.042607
0 0.965741 0.024891 0.015420 0.038346
0 0.958702 0.086671 0.046929 0.036926
0 0.773666 0.165493 0.022794 0.038346
0 0.664284 0.912130 0.017018 0.036052
0 0.687921 0.912130 0.015884 0.037654
0 0.710801 0.912531 0.017775 0.036853
0 0.734438 0.910928 0.016640 0.036853
0 0.757696 0.913332 0.017018 0.035251
0 0.233908 0.239164 0.011724 0.034449
0 0.273618 0.239966 0.058619 0.031245
0 0.240148 0.292841 0.019666 0.034449
0 0.291203 0.294043 0.019666 0.038455
0 0.316542 0.294043 0.020422 0.035251
0 0.354739 0.390181 0.262461 0.036853
0 0.354928 0.427034 0.261327 0.033648
0 0.354928 0.461483 0.262083 0.035251
0 0.355306 0.497936 0.261327 0.032847
0 0.354360 0.533987 0.261705 0.036052
0 0.354739 0.572042 0.260948 0.035251
0 0.354928 0.607693 0.261327 0.036052
0 0.354739 0.642543 0.261705 0.033648
0 0.354360 0.678194 0.261705 0.039256
0 0.354360 0.714647 0.261705 0.033648
0 0.354550 0.749096 0.260570 0.035251
5 0.495626 0.539810 0.586410 0.803747