4 0.279690 0.456097 0.182454 0.044115
4 0.313558 0.346941 0.251284 0.042984
4 0.235868 0.399210 0.096996 0.038931
4 0.320114 0.403498 0.066645 0.042984
4 0.249918 0.565254 0.124003 0.045246
4 0.229433 0.754157 0.083033 0.042984
4 0.218508 0.810149 0.060090 0.039590
4 0.214684 0.862748 0.054627 0.042984
4 0.720256 0.753026 0.060636 0.042984
4 0.742926 0.809018 0.104884 0.041853
4 0.824866 0.566385 0.268764 0.040722
4 0.815033 0.511524 0.251284 0.044115
4 0.737736 0.401236 0.094505 0.042984
4 0.822681 0.401236 0.065552 0.045246
2 0.206490 0.116783 0.137660 0.038686
2 0.360374 0.118819 0.135693 0.032577
2 0.527778 0.116783 0.158800 0.042758
2 0.953294 0.116274 0.042281 0.043776
2 0.779499 0.346351 0.179449 0.041740
0 0.028761 0.966847 0.030973 0.046830
0 0.261799 0.752549 0.019174 0.045812
0 0.239676 0.808542 0.017207 0.041740
0 0.234022 0.862498 0.017699 0.043776
0 0.947394 0.965829 0.077679 0.044794
0 0.742134 0.753567 0.018191 0.041740
0 0.785890 0.807524 0.021141 0.039704
0 0.949115 0.564212 0.019174 0.039704
0 0.776794 0.401834 0.020649 0.046830
0 0.984267 0.271525 0.020649 0.044794
0 0.884956 0.035339 0.026549 0.052938
0 0.919125 0.035339 0.027040 0.057010
0 0.956490 0.036357 0.026057 0.046830
0 0.042035 0.034321 0.021141 0.044794
0 0.074238 0.118819 0.101278 0.044794
0 0.094887 0.273052 0.119961 0.043776
0 0.245821 0.273561 0.150442 0.044794
0 0.411996 0.273561 0.146509 0.042758
0 0.562193 0.275597 0.125369 0.050902
0 0.718535 0.278142 0.159784 0.043776
0 0.842429 0.275088 0.063422 0.045812
0 0.274041 0.400961 0.015929 0.040314
0 0.361062 0.454714 0.020059 0.042758