5 0.508235 0.537952 0.501475 0.438221
0 0.285767 0.468726 0.014749 0.027945
0 0.367810 0.607813 0.105088 0.036836
0 0.471362 0.608448 0.102016 0.033025
0 0.062070 0.358218 0.057768 0.038106
0 0.134280 0.356312 0.063299 0.041917
0 0.192662 0.358218 0.025197 0.043187
0 0.236603 0.356947 0.039331 0.045727
0 0.028269 0.026694 0.017207 0.038106
0 0.929511 0.027964 0.022738 0.040647
0 0.957780 0.027329 0.020280 0.039376
0 0.988508 0.027964 0.022738 0.038106
0 0.941495 0.093380 0.022124 0.041917
0 0.979658 0.095285 0.040683 0.048268
0 0.400688 0.173403 0.020895 0.036836
0 0.421276 0.175308 0.020280 0.033025
0 0.441556 0.175308 0.020280 0.040647
0 0.460914 0.176578 0.018437 0.038106
0 0.483038 0.174673 0.020895 0.034296
0 0.072210 0.092745 0.116150 0.035566
2 0.155482 0.090839 0.035644 0.036836
4 0.232915 0.174038 0.213864 0.035566
4 0.171460 0.219130 0.089725 0.036836
4 0.171153 0.267398 0.089110 0.036836