1 0.021557 0.487520 0.010589 0.021067
1 0.021178 0.524192 0.009833 0.021067
1 0.021557 0.558914 0.010589 0.021848
1 0.021368 0.595587 0.010211 0.021848
1 0.021368 0.630699 0.010211 0.023408
1 0.020800 0.666202 0.010589 0.022628
1 0.021178 0.702874 0.010589 0.022628
1 0.021935 0.739157 0.010589 0.020287
1 0.021368 0.774659 0.010211 0.022628
1 0.021557 0.809381 0.010589 0.023408
1 0.021368 0.844884 0.009455 0.019507
1 0.021178 0.881556 0.009833 0.021067
1 0.020989 0.917449 0.010967 0.022628
1 0.020989 0.946319 0.010211 0.008583
1 0.723659 0.487910 0.009455 0.020287
1 0.755238 0.488300 0.010589 0.017946
1 0.784925 0.487520 0.010211 0.017946
1 0.723470 0.523802 0.010589 0.018726
1 0.754482 0.524973 0.009833 0.019507
1 0.785682 0.524192 0.010211 0.022628
1 0.723281 0.558914 0.009455 0.023408
1 0.754292 0.560865 0.010211 0.021067
1 0.785493 0.560865 0.009833 0.022628
1 0.723659 0.594807 0.009455 0.021848
1 0.754292 0.594807 0.010967 0.021848
1 0.785682 0.596367 0.009455 0.020287
1 0.723470 0.631480 0.011346 0.021848
1 0.754292 0.631089 0.011724 0.019507
1 0.785493 0.631480 0.010589 0.021848
1 0.722714 0.666592 0.010589 0.020287
1 0.754482 0.667372 0.011346 0.020287
1 0.785304 0.665421 0.009455 0.021067
1 0.722903 0.703264 0.010967 0.020287
1 0.755049 0.703264 0.011724 0.018726
1 0.786249 0.702094 0.009833 0.021067
1 0.723848 0.738377 0.009833 0.021848
1 0.754860 0.737986 0.010589 0.022628
1 0.785871 0.737986 0.009833 0.022628
1 0.723659 0.773879 0.010967 0.021067
1 0.754671 0.773489 0.010211 0.020287
1 0.785493 0.773489 0.010589 0.021848
1 0.723659 0.808991 0.009455 0.022628
1 0.754671 0.809381 0.010967 0.023408
1 0.785115 0.808601 0.010589 0.023408
1 0.723092 0.845274 0.010589 0.018726
1 0.754482 0.844493 0.011346 0.020287
1 0.785682 0.845664 0.009455 0.021067
1 0.723281 0.881166 0.010967 0.018726
1 0.754482 0.882337 0.010589 0.021067
1 0.785493 0.881166 0.011346 0.021848
1 0.723281 0.916278 0.010967 0.020287
1 0.754860 0.917449 0.009833 0.022628
1 0.785304 0.915888 0.010211 0.024188
1 0.723470 0.945929 0.010589 0.006242
1 0.754671 0.945538 0.010211 0.008583
1 0.786060 0.946319 0.010211 0.008583
4 0.093790 0.487130 0.125558 0.034332
4 0.094547 0.525363 0.127827 0.037453
4 0.094168 0.562036 0.128583 0.031211
4 0.094357 0.595197 0.128962 0.036673
4 0.093790 0.629529 0.127827 0.036673
4 0.094357 0.666982 0.128205 0.036673
4 0.094168 0.702484 0.127827 0.034332
4 0.094357 0.737986 0.128205 0.038233
4 0.093979 0.774659 0.127449 0.039794
4 0.093979 0.810162 0.128205 0.034332
4 0.094168 0.846444 0.127827 0.035112
4 0.094168 0.881166 0.127827 0.037453
4 0.093790 0.916278 0.127827 0.035892
4 0.093979 0.940077 0.128205 0.016386
4 0.553286 0.488690 0.037062 0.035892
4 0.553286 0.524192 0.038575 0.033552
4 0.553097 0.558134 0.037440 0.035892
4 0.553854 0.594807 0.038197 0.039014
4 0.553665 0.631870 0.038575 0.036673
4 0.553476 0.668152 0.038953 0.035892
4 0.553665 0.702874 0.038575 0.035112
4 0.553286 0.737986 0.038575 0.036673
4 0.553665 0.773879 0.038575 0.036673
4 0.553665 0.808991 0.038575 0.036673
4 0.553665 0.845664 0.038575 0.035112
4 0.554232 0.881556 0.038197 0.038233
4 0.553854 0.917059 0.038197 0.032771
4 0.554043 0.941247 0.038575 0.020287
4 0.671091 0.488300 0.072234 0.035112
4 0.671659 0.525363 0.071099 0.037453
4 0.671281 0.560865 0.072612 0.033552
4 0.671470 0.596367 0.072234 0.035892
4 0.671470 0.631480 0.071477 0.031211
4 0.671659 0.666592 0.071099 0.035892
4 0.671470 0.703655 0.072990 0.039794
4 0.672037 0.739937 0.073368 0.034332
4 0.672226 0.774269 0.072234 0.035892
4 0.671848 0.808991 0.072990 0.036673
4 0.672226 0.846054 0.072234 0.037453
4 0.671659 0.881166 0.072612 0.032771
4 0.671848 0.916278 0.072990 0.037453
4 0.671470 0.942807 0.072234 0.017166
0 0.165246 0.488364 0.016934 0.029303
0 0.898066 0.978634 0.063367 0.038320
0 0.962799 0.977506 0.056266 0.033812
0 0.918824 0.025707 0.017481 0.041701
0 0.946411 0.026270 0.024582 0.042828
0 0.978368 0.026270 0.019666 0.040574
0 0.970447 0.086568 0.047525 0.039447
0 0.026494 0.023452 0.016934 0.037193
0 0.039331 0.090512 0.050257 0.033812
0 0.111166 0.093330 0.081394 0.028176
0 0.203212 0.093330 0.086310 0.028176
2 0.291981 0.093330 0.072654 0.032685
2 0.354255 0.092766 0.037693 0.036066
0 0.319294 0.308598 0.129466 0.037193
0 0.388124 0.171660 0.019119 0.033812
0 0.408609 0.171660 0.019666 0.036066
0 0.429641 0.172224 0.018027 0.034939
0 0.449853 0.172788 0.019119 0.038320
0 0.470338 0.172224 0.019666 0.039447
4 0.170709 0.218433 0.026767 0.037193
4 0.222331 0.172224 0.131105 0.032685
4 0.201573 0.264079 0.087403 0.038320
4 0.195018 0.309161 0.075385 0.036066