0 0.095563 0.276611 0.125983 0.044668
0 0.250123 0.275335 0.153638 0.052325
0 0.410521 0.274697 0.145034 0.053601
0 0.560472 0.275335 0.121681 0.054877
0 0.716876 0.274697 0.162856 0.053601
0 0.843166 0.274697 0.066372 0.051049
0 0.984513 0.272144 0.020895 0.051049
0 0.773414 0.848356 0.021509 0.039563
0 0.947026 0.969596 0.078663 0.044668
0 0.039024 0.859842 0.037488 0.044668
0 0.078048 0.859842 0.030728 0.039563
0 0.355826 0.856651 0.023353 0.040839
0 0.385632 0.863032 0.015364 0.035734
0 0.384403 0.920462 0.019051 0.038286
0 0.029191 0.970234 0.030113 0.043391
0 0.042097 0.041149 0.021509 0.051049
0 0.072824 0.123465 0.098943 0.039563
0 0.883419 0.033492 0.025197 0.035734
0 0.920600 0.035406 0.025811 0.039563
0 0.958395 0.038597 0.025197 0.040839
2 0.206490 0.116308 0.144683 0.042297
2 0.360655 0.117037 0.141172 0.049590
2 0.523248 0.117037 0.157325 0.043756
2 0.779253 0.793796 0.177693 0.037922
2 0.954400 0.115808 0.043019 0.042115
4 0.429572 0.528025 0.483038 0.345855
4 0.312193 0.792840 0.253196 0.043391
4 0.737128 0.848906 0.094529 0.040375
4 0.820931 0.848906 0.067713 0.040375