0 0.259380 0.250238 0.163480 0.149276
0 0.572113 0.088793 0.062287 0.033244
0 0.510263 0.089156 0.063071 0.033544
0 0.447159 0.089299 0.063119 0.033056
4 0.924234 0.079843 0.103029 0.030760
0 0.086566 0.245424 0.160120 0.037371
0 0.088116 0.282811 0.160761 0.036646
0 0.328548 0.304348 0.019081 0.032566
0 0.984071 0.079062 0.016513 0.029749
0 0.088679 0.320435 0.161391 0.035829
0 0.086949 0.693783 0.164396 0.036318
0 0.086252 0.208712 0.160015 0.034935
2 0.137473 0.025766 0.093493 0.035931
0 0.088117 0.804552 0.163139 0.037465
0 0.089831 0.393721 0.164626 0.038315
0 0.090291 0.356858 0.164419 0.035621
0 0.087881 0.767286 0.162345 0.036046
0 0.086329 0.582197 0.168409 0.034555
0 0.088084 0.730763 0.161248 0.034771
0 0.087532 0.917580 0.164262 0.035234
0 0.089534 0.469460 0.164375 0.039390
0 0.088020 0.660689 0.161087 0.027352
0 0.086722 0.990017 0.159375 0.019966
0 0.936006 0.025454 0.016380 0.032132
0 0.967654 0.078669 0.011818 0.026163
0 0.090288 0.431335 0.164473 0.036032
0 0.090435 0.884039 0.166068 0.027960
0 0.087898 0.543820 0.164139 0.035247
0 0.082858 0.172065 0.158501 0.033273
0 0.959225 0.025911 0.016016 0.032994
0 0.983069 0.026000 0.015463 0.033624
0 0.037442 0.025170 0.016424 0.034677
0 0.088914 0.848199 0.165083 0.040619
0 0.088536 0.960853 0.163592 0.042232
0 0.088574 0.625371 0.165734 0.041292
0 0.088777 0.512702 0.165502 0.026989