0 0.034825 0.021936 0.023763 0.040010
0 0.904212 0.024629 0.020485 0.045396
0 0.935144 0.026168 0.026631 0.045396
0 0.968330 0.023860 0.024992 0.043857
0 0.956858 0.088876 0.053671 0.033855
0 0.069444 0.091954 0.096280 0.027699
0 0.178220 0.090800 0.108981 0.026930
0 0.285972 0.093878 0.093412 0.030008
0 0.386554 0.091569 0.091363 0.030008
0 0.529130 0.090800 0.174943 0.028469
0 0.669862 0.088492 0.089315 0.025391
0 0.750369 0.091569 0.056949 0.025391
0 0.820428 0.090030 0.064323 0.026930
2 0.880244 0.088876 0.042199 0.029238
4 0.227273 0.170821 0.095200 0.033575
4 0.208277 0.215307 0.059891 0.035254
4 0.385269 0.171240 0.037544 0.037772
4 0.437785 0.170821 0.036203 0.036932
4 0.565835 0.170821 0.036650 0.035254
4 0.408063 0.215307 0.305712 0.036932
4 0.475552 0.350446 0.082238 0.036932
4 0.460132 0.395773 0.051399 0.035254
4 0.475105 0.442358 0.081344 0.034414
4 0.475329 0.486425 0.081791 0.035254
4 0.474882 0.531751 0.081791 0.035254
4 0.531644 0.576238 0.194422 0.035254
4 0.475329 0.621564 0.082685 0.035254
4 0.475105 0.667729 0.080451 0.035254
4 0.553991 0.666470 0.044248 0.037772
4 0.155091 0.667310 0.029499 0.036093
4 0.189506 0.621564 0.096541 0.035254
4 0.189729 0.577916 0.097881 0.036932
4 0.182131 0.532590 0.081791 0.033575
4 0.260794 0.532590 0.043354 0.035254
4 0.207831 0.350866 0.134978 0.034414
4 0.291857 0.352125 0.029499 0.035254
4 0.197104 0.396192 0.113525 0.034414
4 0.276437 0.396612 0.043354 0.035254
4 0.178109 0.441518 0.075534 0.034414
4 0.154867 0.487264 0.030839 0.033575
4 0.204925 0.486844 0.037097 0.036093
4 0.206490 0.893313 0.091899 0.034091
4 0.470275 0.893313 0.433401 0.036222
4 0.751361 0.893313 0.127638 0.036222
4 0.830781 0.892248 0.028931 0.036222
4 0.867654 0.894378 0.045950 0.034091
1 0.144373 0.894911 0.011913 0.020242
1 0.036873 0.894378 0.012480 0.023438
1 0.184469 0.667464 0.012274 0.021293
0 0.064360 0.306799 0.050058 0.043647
0 0.124698 0.306799 0.045589 0.041969
0 0.182578 0.305120 0.046929 0.040290
0 0.237776 0.304281 0.039331 0.043647
0 0.297443 0.306379 0.055868 0.046165
0 0.372978 0.304281 0.061232 0.045326
0 0.576115 0.215727 0.031286 0.032736
0 0.879592 0.973681 0.069724 0.039451
0 0.952892 0.974520 0.062573 0.036093
0 0.064584 0.802868 0.049611 0.041969
0 0.134978 0.804967 0.068830 0.039451
0 0.207384 0.803288 0.050952 0.042808