0 0.570521 0.295813 0.022288 0.042194
0 0.082378 0.295579 0.023567 0.043651
0 0.183835 0.295938 0.022772 0.043668
0 0.157981 0.296190 0.023250 0.043887
0 0.210277 0.295974 0.021925 0.043576
0 0.261433 0.296487 0.020840 0.043544
0 0.597073 0.295711 0.022621 0.042640
0 0.623504 0.296132 0.022598 0.043560
0 0.386298 0.296420 0.023536 0.044062
0 0.236333 0.296218 0.023858 0.044337
0 0.352771 0.296418 0.024343 0.044221
0 0.537450 0.295998 0.024454 0.044225
0 0.488295 0.296551 0.020363 0.042725
0 0.108012 0.295940 0.020025 0.041632
2 0.121153 0.189063 0.161732 0.043323
4 0.242685 0.189000 0.085398 0.043611
4 0.109370 0.481413 0.043291 0.040288
1 0.043179 0.441026 0.016451 0.034597
1 0.043059 0.480307 0.016706 0.034245
0 0.485482 0.642522 0.023437 0.042102
0 0.049194 0.294839 0.023182 0.043858
4 0.290905 0.744633 0.044363 0.040305
4 0.210558 0.744159 0.113936 0.042765
4 0.356763 0.744584 0.054954 0.042939
4 0.109469 0.441996 0.043348 0.041992
2 0.762891 0.098985 0.039836 0.032485
4 0.148607 0.442473 0.037176 0.041490
0 0.022087 0.641805 0.023902 0.043600
0 0.192519 0.099203 0.031362 0.030194
0 0.896976 0.974269 0.072232 0.037823
0 0.022461 0.291881 0.023811 0.043878
1 0.043563 0.400630 0.016734 0.034997
2 0.221141 0.845450 0.127655 0.043700
0 0.363559 0.099690 0.048690 0.031643
4 0.567086 0.442672 0.059575 0.041415
0 0.309982 0.296206 0.021273 0.043200
4 0.109517 0.520471 0.043813 0.040507
4 0.196363 0.895992 0.084914 0.043382
4 0.241557 0.442720 0.083127 0.041826
2 0.295182 0.642607 0.313709 0.041326
0 0.441967 0.100411 0.090445 0.031604
4 0.475286 0.442908 0.058971 0.041528
4 0.363908 0.482346 0.165185 0.041805
0 0.090691 0.100434 0.156358 0.035419
0 0.508235 0.099992 0.026485 0.030423
4 0.148659 0.401466 0.037430 0.042957
4 0.148795 0.481539 0.037585 0.039845
4 0.196833 0.795032 0.083718 0.042951
4 0.241288 0.481953 0.082475 0.041541
4 0.183768 0.442767 0.035755 0.041545
4 0.521264 0.442576 0.035149 0.041128
0 0.022064 0.239683 0.022520 0.041160
2 0.695223 0.100804 0.086524 0.042740
4 0.475246 0.522112 0.059175 0.041881
4 0.475319 0.481878 0.059449 0.040881
4 0.475034 0.401594 0.058943 0.043241
0 0.587190 0.100548 0.114080 0.033966
4 0.363571 0.522718 0.164750 0.043180
4 0.567384 0.400860 0.060424 0.043430
4 0.183489 0.401636 0.035708 0.043119
0 0.274004 0.100641 0.114643 0.033421
4 0.889784 0.481033 0.049466 0.041087
4 0.889228 0.442451 0.049911 0.039381
4 0.363772 0.442985 0.164620 0.042341
0 0.969731 0.973461 0.060267 0.035998
1 0.043061 0.519270 0.017242 0.034043
2 0.506227 0.296432 0.018104 0.042744
4 0.183757 0.481735 0.035329 0.040420
4 0.241683 0.521886 0.083225 0.041308
4 0.566791 0.481597 0.060316 0.040699
4 0.148890 0.521060 0.037523 0.040813
4 0.889981 0.520424 0.049601 0.040638
4 0.567279 0.521749 0.059037 0.042080
4 0.183914 0.521536 0.035231 0.040723
2 0.418098 0.296486 0.033545 0.044985
4 0.109258 0.399983 0.042804 0.043512
4 0.831473 0.481224 0.071453 0.041163
4 0.521079 0.481484 0.035781 0.040651
0 0.702408 0.259405 0.088049 0.032204
2 0.456751 0.296167 0.032813 0.044775
0 0.936630 0.100204 0.018204 0.036516
4 0.831754 0.520002 0.071366 0.040733
4 0.830999 0.442965 0.071219 0.040275
4 0.521361 0.521499 0.035419 0.041237
4 0.241818 0.401826 0.083045 0.042784
4 0.606163 0.442437 0.021540 0.041147
0 0.094959 0.695260 0.080754 0.036844
4 0.605938 0.481190 0.021512 0.038679
0 0.977393 0.100289 0.045166 0.035600
0 0.508933 0.642373 0.022809 0.041411
0 0.715834 0.210294 0.114912 0.031501
1 0.328486 0.189063 0.015904 0.031201
4 0.633082 0.442175 0.034116 0.041964
4 0.070030 0.480249 0.037778 0.040380
0 0.693225 0.360655 0.070795 0.030910
4 0.606187 0.520192 0.021553 0.039812
0 0.717063 0.614106 0.117501 0.038306
0 0.716803 0.310287 0.118012 0.032465
0 0.022477 0.189324 0.024301 0.048381
4 0.070301 0.441166 0.036964 0.040363
4 0.632833 0.481033 0.034293 0.040164
4 0.364589 0.400995 0.164022 0.046913
2 0.328695 0.296423 0.018009 0.042606
0 0.683514 0.461188 0.051105 0.031982
4 0.889235 0.402763 0.049440 0.041471
4 0.070297 0.519875 0.037337 0.040064
0 0.716026 0.512893 0.115951 0.032776
0 0.687183 0.562800 0.057832 0.031922
4 0.632697 0.519108 0.034451 0.040297
0 0.025558 0.027055 0.021699 0.043898
0 0.986917 0.028234 0.023800 0.046163
0 0.675783 0.411292 0.031888 0.029907
4 0.606190 0.400238 0.020347 0.042218
0 0.559771 0.693989 0.035895 0.035079
0 0.952980 0.028004 0.023965 0.046524
0 0.919632 0.026779 0.022887 0.043227
0 0.725060 0.159245 0.141459 0.036643
2 0.279475 0.296570 0.018610 0.043166
0 0.645439 0.694664 0.103355 0.036840
4 0.633235 0.401202 0.033999 0.041173
0 0.292600 0.696825 0.056804 0.036016
2 0.126689 0.296597 0.018306 0.042184
4 0.831236 0.400944 0.071073 0.042860
4 0.520939 0.401512 0.034886 0.042480
0 0.757576 0.693144 0.091177 0.045960
0 0.198445 0.699411 0.093859 0.036211
0 0.374765 0.697322 0.065701 0.037604
0 0.444154 0.698018 0.039555 0.038997
0 0.499464 0.700108 0.046929 0.037604