0 0.039605 0.023508 0.025675 0.038470
0 0.333224 0.278241 0.017481 0.038470
0 0.888233 0.026627 0.025128 0.040549
0 0.923468 0.027147 0.025675 0.039510
0 0.958702 0.026107 0.024036 0.043669
0 0.948323 0.096808 0.056812 0.029112
0 0.321206 0.973818 0.080848 0.034311
0 0.811756 0.975377 0.099421 0.039510
0 0.922648 0.976417 0.109254 0.037430
2 0.048345 0.094209 0.046433 0.036390
4 0.288976 0.276681 0.069922 0.037430
4 0.274227 0.326588 0.038239 0.037430
4 0.270403 0.374935 0.030591 0.034311
4 0.306184 0.519977 0.102152 0.037430
4 0.273681 0.568844 0.037146 0.035351
4 0.273954 0.615632 0.037693 0.035351
1 0.264121 0.760154 0.012564 0.022874