4 0.760643 0.189864 0.086834 0.045214
4 0.244657 0.189820 0.085091 0.044732
0 0.726374 0.099192 0.025968 0.031409
2 0.122811 0.189369 0.159595 0.045172
4 0.418054 0.397524 0.085112 0.043609
4 0.198514 0.344372 0.085430 0.044931
0 0.813085 0.190251 0.024425 0.044264
0 0.090731 0.099561 0.156008 0.036574
0 0.023964 0.240884 0.022671 0.041597
0 0.392654 0.098649 0.048640 0.031582
0 0.335321 0.098950 0.048007 0.030766
0 0.192941 0.098896 0.030547 0.030383
0 0.896749 0.984467 0.069659 0.031066
0 0.679240 0.100460 0.051014 0.031878
2 0.766828 0.098890 0.038059 0.032913
1 0.045004 0.897081 0.011346 0.027203
0 0.969687 0.986058 0.059803 0.027884
4 0.198916 0.293392 0.085187 0.044369
0 0.050419 0.447342 0.030210 0.043683
0 0.471050 0.100177 0.089526 0.033175
0 0.935940 0.100025 0.016538 0.034787
4 0.514400 0.896755 0.122874 0.042349
4 0.521425 0.191081 0.213942 0.047539
0 0.909922 0.099996 0.018280 0.036919
0 0.260151 0.099528 0.085636 0.031944
4 0.664769 0.896672 0.081757 0.041381
0 0.584408 0.100769 0.119539 0.034386
0 0.976141 0.098976 0.047276 0.033572
1 0.044437 0.857077 0.013237 0.025603
1 0.066372 0.936099 0.017775 0.033975
0 0.247032 0.293137 0.017681 0.040135
0 0.252281 0.243770 0.041007 0.036043
0 0.023772 0.755742 0.022045 0.043345
1 0.044626 0.937485 0.012102 0.026403
0 0.389465 0.244060 0.078898 0.033335
4 0.514357 0.937663 0.120241 0.046074
4 0.241976 0.857139 0.143245 0.044161
4 0.099785 0.897283 0.042309 0.040872
4 0.099451 0.856041 0.042891 0.041069
4 0.514898 0.856391 0.122963 0.043611
1 0.066372 0.897081 0.017018 0.033603
0 0.309581 0.243780 0.045155 0.033894
0 0.476803 0.243757 0.061343 0.034728
0 0.737995 0.244617 0.134809 0.034034
4 0.663778 0.856160 0.081647 0.041672
4 0.590554 0.896634 0.031026 0.040180
4 0.664283 0.937292 0.081038 0.044606
4 0.241606 0.897532 0.142504 0.042282
0 0.024341 0.190921 0.024413 0.049757
0 0.587942 0.244844 0.127738 0.040022
4 0.590576 0.856729 0.030284 0.040544
0 0.187534 0.244350 0.057586 0.032703
4 0.383098 0.936731 0.141533 0.044238
4 0.590433 0.938248 0.030336 0.045501
0 0.894860 0.242011 0.012103 0.028412
4 0.099336 0.937239 0.043623 0.042553
4 0.382535 0.896502 0.143630 0.041990
4 0.614522 0.896537 0.019347 0.039966
4 0.240749 0.936273 0.141952 0.043241
0 0.027013 0.026514 0.020226 0.042305
4 0.158415 0.897099 0.025352 0.041013
0 0.952175 0.028105 0.023448 0.043837
4 0.614620 0.938153 0.020586 0.044685
0 0.912308 0.243460 0.015886 0.027278
4 0.133833 0.896995 0.025521 0.040382
0 0.919327 0.027553 0.022185 0.041899
0 0.986556 0.027299 0.023293 0.044010
0 0.840956 0.242506 0.036370 0.035899
4 0.914278 0.934861 0.028163 0.041461
0 0.066372 0.856277 0.016262 0.033603
4 0.133071 0.937860 0.026637 0.042219
4 0.614391 0.856588 0.018995 0.040537
4 0.133325 0.857015 0.025562 0.041317
0 0.098831 0.243734 0.088136 0.037551
4 0.914142 0.895464 0.027901 0.038497
4 0.158460 0.937485 0.024960 0.040804
4 0.158271 0.855477 0.023069 0.040004