0 0.430537 0.097970 0.080514 0.038069
0 0.321380 0.286918 0.206235 0.174836
0 0.588362 0.097665 0.079593 0.036909
4 0.917675 0.087907 0.151191 0.039299
0 0.321513 0.599457 0.205963 0.177332
0 0.510274 0.098165 0.078532 0.035886
0 0.408013 0.967500 0.023629 0.041958
0 0.321227 0.910407 0.205866 0.178169
0 0.408415 0.659265 0.024462 0.041467
0 0.408584 0.348903 0.024668 0.040237
0 0.092457 0.328177 0.181168 0.033985
0 0.092094 0.240535 0.184187 0.033025
0 0.043694 0.767233 0.086785 0.029407
0 0.093572 0.284224 0.179121 0.034354
0 0.031290 0.811692 0.061300 0.029620
2 0.163545 0.025686 0.117768 0.033618
0 0.061281 0.898110 0.121816 0.030503
0 0.052109 0.942531 0.103111 0.029966
0 0.053445 0.504255 0.105931 0.030863
0 0.058353 0.197617 0.116591 0.031112
0 0.066388 0.415245 0.132516 0.032400
0 0.071640 0.854639 0.140544 0.033561
0 0.039475 0.635969 0.077352 0.029942
0 0.069851 0.459972 0.138490 0.032272
0 0.093297 0.371177 0.183454 0.032225
0 0.033385 0.591317 0.066770 0.028683
0 0.030569 0.985690 0.060317 0.028620
0 0.039250 0.547382 0.076890 0.031413
0 0.050934 0.678209 0.101177 0.033296
0 0.038893 0.722756 0.077786 0.029886
0 0.921900 0.023498 0.019592 0.037271
0 0.951760 0.024128 0.019817 0.038118
0 0.980590 0.024423 0.020284 0.038761
0 0.960875 0.086814 0.015012 0.031240
0 0.038878 0.023456 0.020089 0.036181
0 0.099646 0.151127 0.198719 0.044154
0 0.981287 0.088062 0.017515 0.038562