0 0.491647 0.450404 0.019911 0.039733
0 0.541509 0.450792 0.023456 0.042510
0 0.512406 0.777513 0.021796 0.038064
0 0.357129 0.450819 0.022646 0.041888
0 0.239910 0.450709 0.022234 0.041428
0 0.213861 0.451128 0.022246 0.041029
0 0.264749 0.451354 0.019913 0.041098
0 0.314380 0.450579 0.020097 0.040367
0 0.627340 0.450032 0.022260 0.040587
0 0.162035 0.451280 0.022509 0.041071
0 0.025517 0.776047 0.024110 0.040373
0 0.601660 0.450745 0.021969 0.040824
0 0.389845 0.450859 0.023598 0.042206
2 0.124454 0.256455 0.162012 0.042409
0 0.052851 0.448743 0.024090 0.041493
0 0.086929 0.450942 0.022303 0.040599
0 0.188242 0.451453 0.022177 0.040969
4 0.113379 0.623004 0.043809 0.037367
4 0.572122 0.549787 0.058777 0.038776
4 0.247030 0.256377 0.085111 0.039370
4 0.113561 0.550016 0.043847 0.037802
4 0.572218 0.622658 0.058653 0.036941
0 0.575644 0.451029 0.022374 0.041521
4 0.368636 0.551122 0.170042 0.039567
4 0.152833 0.622814 0.035190 0.036634
0 0.025553 0.445805 0.023947 0.041115
0 0.112493 0.450583 0.019574 0.039678
4 0.187343 0.550343 0.037531 0.038328
0 0.775416 0.450506 0.021624 0.039860
2 0.768100 0.173112 0.039416 0.031753
0 0.969007 0.173689 0.046147 0.032744
4 0.367607 0.587934 0.167687 0.039278
4 0.525537 0.549815 0.035647 0.038435
4 0.245481 0.587621 0.081129 0.037783
4 0.479583 0.550062 0.059041 0.039640
4 0.479544 0.623087 0.059160 0.037343
0 0.705251 0.450356 0.110421 0.039916
4 0.245439 0.623305 0.080935 0.037193
0 0.889293 0.978562 0.072193 0.038434
0 0.489940 0.777090 0.022948 0.039513
4 0.245146 0.550366 0.081142 0.038998
4 0.187410 0.587067 0.037114 0.037759
4 0.572164 0.586993 0.058666 0.037385
4 0.113635 0.586546 0.043351 0.037459
4 0.187605 0.660041 0.037395 0.040946
4 0.152638 0.550095 0.035174 0.038242
4 0.479463 0.587237 0.059090 0.037416
0 0.025617 0.303978 0.023984 0.037988
4 0.367737 0.624064 0.169277 0.038834
4 0.741347 0.622912 0.083597 0.037895
2 0.299899 0.776829 0.311117 0.036697
4 0.187545 0.623091 0.036954 0.036627
4 0.152728 0.586801 0.035612 0.037374
0 0.445738 0.173834 0.089770 0.030316
4 0.525833 0.659419 0.036201 0.040359
4 0.525736 0.622711 0.035500 0.036290
4 0.660913 0.622927 0.081580 0.037478
4 0.660726 0.587414 0.081476 0.038601
0 0.196254 0.173274 0.031117 0.030695
4 0.479473 0.660487 0.058965 0.040514
4 0.826161 0.550473 0.089642 0.039063
0 0.367758 0.173155 0.049349 0.030629
4 0.153093 0.659700 0.035789 0.040142
0 0.962189 0.978628 0.063462 0.034405
4 0.741269 0.587140 0.083414 0.038075
0 0.093299 0.173894 0.157785 0.034260
0 0.512258 0.173544 0.025359 0.029459
4 0.825812 0.623169 0.089052 0.037928
0 0.550825 0.255866 0.024595 0.040958
4 0.661381 0.549781 0.081055 0.039622
0 0.277633 0.174015 0.114523 0.032032
1 0.046552 0.587505 0.015984 0.030856
4 0.825766 0.587417 0.089247 0.038120
4 0.525523 0.586893 0.036119 0.037678
2 0.698715 0.172795 0.082541 0.032826
0 0.591224 0.173779 0.113491 0.032205
4 0.367729 0.661165 0.166416 0.042411
4 0.610854 0.623048 0.021569 0.036735
4 0.741487 0.550296 0.083582 0.039248
4 0.245416 0.660595 0.080510 0.040312
2 0.422972 0.450436 0.032642 0.041920
4 0.113381 0.660170 0.043761 0.040054
2 0.460510 0.449882 0.032347 0.041048
4 0.074169 0.623061 0.037383 0.036720
0 0.928605 0.173098 0.018735 0.032091
4 0.572208 0.660036 0.058521 0.040300
4 0.741680 0.660458 0.082777 0.040945
4 0.660990 0.660716 0.080981 0.041354
1 0.046929 0.662221 0.016137 0.033276
4 0.610626 0.586947 0.021788 0.037310
4 0.886446 0.550700 0.034347 0.038988
4 0.885916 0.586477 0.034074 0.037067
4 0.610740 0.550302 0.021518 0.037628
4 0.825842 0.660347 0.089118 0.041175
2 0.510572 0.451008 0.018389 0.040407
4 0.073865 0.659871 0.038327 0.036816
1 0.332606 0.256134 0.014650 0.028728
4 0.886130 0.622417 0.033994 0.038113
4 0.885836 0.659265 0.034013 0.040361
4 0.074124 0.586978 0.037224 0.037602
2 0.333118 0.450832 0.018726 0.041534
4 0.610837 0.660455 0.022070 0.041028
2 0.283559 0.451701 0.017835 0.041668
2 0.130786 0.451054 0.017894 0.041313
1 0.046831 0.624463 0.015797 0.031112
1 0.046607 0.550090 0.017043 0.034375
4 0.073947 0.549128 0.036155 0.037167
0 0.026154 0.256531 0.024152 0.046634
0 0.029290 0.106789 0.019227 0.037156
0 0.945625 0.107014 0.022852 0.040324
0 0.978469 0.107544 0.022727 0.040622
0 0.911764 0.106311 0.021576 0.038817