0 0.557811 0.671291 0.023041 0.041229
2 0.525815 0.511415 0.179110 0.038425
4 0.547554 0.585693 0.105222 0.042819
0 0.255784 0.930963 0.113865 0.040441
0 0.963403 0.979092 0.070203 0.038767
5 0.498141 0.550256 0.311916 0.304314
2 0.767475 0.758125 0.165537 0.040279
0 0.921593 0.705644 0.018644 0.040767
0 0.606899 0.670885 0.059635 0.033479
0 0.052492 0.108164 0.088243 0.036916
2 0.324034 0.108500 0.105652 0.035457
4 0.219060 0.755661 0.052378 0.043164
2 0.183900 0.108529 0.144899 0.038420
0 0.613691 0.427194 0.017712 0.034656
2 0.970977 0.107560 0.031851 0.037205
4 0.797626 0.705959 0.225714 0.042122
0 0.590807 0.584800 0.018360 0.038706
0 0.042078 0.257763 0.041811 0.040133
0 0.014353 0.978309 0.028706 0.038907
0 0.639639 0.426535 0.015559 0.031124
1 0.199979 0.807668 0.013523 0.029257
0 0.150049 0.255910 0.141816 0.044798
0 0.939183 0.032378 0.023300 0.043215
0 0.906981 0.031809 0.022112 0.043002
0 0.235957 0.755451 0.018025 0.040394
0 0.026297 0.031552 0.021206 0.042444
0 0.972426 0.032770 0.024759 0.043872