4 0.401160 0.463692 0.440712 0.320730
4 0.295838 0.655602 0.230510 0.045554
4 0.251768 0.708349 0.141467 0.043776
4 0.811188 0.883675 0.036139 0.041113
4 0.232874 0.883627 0.037203 0.041194
0 0.054270 0.102632 0.088230 0.036073
4 0.259236 0.833495 0.088966 0.042584
0 0.964761 0.974269 0.069190 0.041661
4 0.724924 0.657223 0.057672 0.044763
0 0.016302 0.972642 0.028903 0.041193
2 0.326443 0.102644 0.106069 0.037706
0 0.151316 0.250206 0.135801 0.042062
2 0.186366 0.103623 0.145113 0.039317
0 0.313825 0.707824 0.015574 0.040838
2 0.972604 0.102518 0.033994 0.041931
4 0.232573 0.927449 0.036636 0.032556
4 0.810880 0.927203 0.036611 0.033797
0 0.042771 0.250519 0.047947 0.039681
0 0.028347 0.027282 0.021105 0.041707
0 0.908284 0.027167 0.021960 0.042710
0 0.940731 0.028596 0.022361 0.044456
0 0.974362 0.028641 0.023518 0.045083
0 0.744757 0.657089 0.016947 0.042572