2 0.414970 0.137303 0.125279 0.032338
0 0.452147 0.467083 0.017382 0.029076
4 0.155451 0.136831 0.061085 0.030743
4 0.330201 0.468042 0.021956 0.030704
4 0.192767 0.792968 0.112901 0.030957
4 0.166468 0.647989 0.060123 0.029462
0 0.452533 0.647577 0.017663 0.030164
0 0.444355 0.073053 0.034691 0.025377
4 0.192954 0.865993 0.113977 0.031801
0 0.449281 0.828533 0.022671 0.030660
4 0.307393 0.431996 0.213414 0.032398
4 0.147400 0.467739 0.023010 0.029816
0 0.384974 0.938149 0.143598 0.033526
0 0.187716 0.073610 0.046009 0.024187
2 0.558362 0.072660 0.028754 0.024745
0 0.141808 0.073592 0.035898 0.024091
0 0.274608 0.173716 0.016480 0.030716
4 0.166481 0.431562 0.059614 0.029496
0 0.485152 0.072966 0.034200 0.024647
4 0.336299 0.396459 0.042657 0.029371
4 0.193155 0.830236 0.115057 0.031126
0 0.449574 0.900520 0.022055 0.030874
0 0.449198 0.865331 0.021861 0.030961
4 0.166413 0.612596 0.059659 0.029863
4 0.354215 0.792260 0.059874 0.029600
4 0.354940 0.865328 0.058120 0.030247
0 0.231381 0.073401 0.028804 0.023266
0 0.064579 0.073969 0.104261 0.025860
2 0.196817 0.173758 0.143209 0.031462
4 0.166670 0.576416 0.059414 0.029618
0 0.523149 0.073026 0.030052 0.024600
0 0.362978 0.073838 0.114995 0.027658
0 0.275285 0.073267 0.048221 0.025295
2 0.192745 0.756737 0.113050 0.030000
0 0.978379 0.073382 0.037543 0.030906
4 0.224469 0.396009 0.181489 0.030721
4 0.293585 0.902335 0.312762 0.032382
0 0.449099 0.793275 0.022370 0.031006
0 0.390878 0.756674 0.139756 0.030581
0 0.043953 0.282871 0.030320 0.026604
0 0.103186 0.281812 0.064595 0.028424
0 0.171712 0.281574 0.049739 0.029574
0 0.427551 0.282099 0.083085 0.029588
0 0.361703 0.281479 0.027085 0.029125
0 0.223887 0.281818 0.034020 0.028478
0 0.216725 0.138454 0.013928 0.023281
0 0.294643 0.282762 0.086965 0.028113
0 0.022813 0.021584 0.015050 0.028494
0 0.522844 0.282786 0.084632 0.029071
0 0.962192 0.022280 0.016994 0.030684
0 0.986329 0.022543 0.017357 0.032091
0 0.938439 0.021709 0.017511 0.030746