0 0.109421 0.199970 0.023593 0.044883
0 0.280682 0.199720 0.023036 0.045947
0 0.211194 0.200171 0.022581 0.045050
0 0.135947 0.199998 0.023613 0.044712
0 0.923543 0.103414 0.040007 0.044403
0 0.161133 0.200275 0.020173 0.044440
0 0.973277 0.101953 0.047546 0.037604
0 0.023336 0.199725 0.024754 0.048097
0 0.237647 0.200086 0.020176 0.044539
2 0.027115 0.101175 0.041092 0.034893
0 0.056412 0.200027 0.022884 0.046660
0 0.083195 0.200244 0.021910 0.045033
2 0.256508 0.200102 0.019420 0.044759
2 0.180383 0.200082 0.020390 0.044714
1 0.017519 0.350177 0.014616 0.027404
1 0.016286 0.308540 0.016929 0.033757
0 0.915507 0.029299 0.022677 0.043660
0 0.021672 0.027878 0.021160 0.043709
0 0.949807 0.030374 0.024495 0.045241
0 0.983139 0.029828 0.023783 0.044834