4 0.438125 0.156764 0.084763 0.042085
0 0.407351 0.928164 0.022909 0.037876
4 0.775842 0.446473 0.086953 0.041308
2 0.744960 0.097619 0.039365 0.030570
0 0.136943 0.175134 0.024432 0.045541
0 0.086159 0.175386 0.021392 0.043689
0 0.430686 0.928136 0.022381 0.037824
4 0.438187 0.204708 0.085260 0.041932
0 0.277197 0.928210 0.021586 0.036369
2 0.446741 0.397983 0.132068 0.042587
0 0.254061 0.928175 0.021604 0.036235
0 0.300509 0.928033 0.023093 0.037028
0 0.010667 0.175462 0.021289 0.042541
4 0.537679 0.542475 0.085409 0.041658
0 0.036050 0.175767 0.020839 0.042668
4 0.783087 0.495032 0.102231 0.039907
4 0.503038 0.204112 0.045216 0.040503
4 0.480793 0.494340 0.200529 0.040969
0 0.068629 0.097148 0.088390 0.030977
0 0.384432 0.927719 0.023328 0.037896
0 0.337151 0.097045 0.101934 0.031089
0 0.449524 0.096583 0.107717 0.031137
4 0.422788 0.542808 0.087447 0.040314
0 0.567844 0.097102 0.112217 0.031643
4 0.782805 0.542401 0.101754 0.041416
2 0.674402 0.096627 0.083606 0.031336
0 0.199763 0.096848 0.157182 0.033278
0 0.295073 0.351087 0.059318 0.037166
1 0.369474 0.784620 0.015072 0.029263
0 0.537877 0.204394 0.023779 0.039785
1 0.260780 0.783189 0.016185 0.031466
4 0.554882 0.253677 0.308187 0.041640
4 0.445711 0.447868 0.129227 0.041796
0 0.954852 0.097627 0.049997 0.034879
2 0.104670 0.175592 0.019125 0.044795
1 0.261108 0.859179 0.016507 0.031564
4 0.963646 0.928740 0.047411 0.039915
2 0.054715 0.175861 0.020282 0.043944
0 0.375095 0.349645 0.067140 0.038015
1 0.369392 0.859981 0.015136 0.029582
1 0.369711 0.822510 0.014330 0.028197
0 0.553642 0.348966 0.046856 0.045487
2 0.112846 0.285303 0.220170 0.036111
1 0.861353 0.156080 0.014469 0.027369
1 0.261048 0.821439 0.016152 0.029931
0 0.492092 0.347961 0.048315 0.040634
0 0.439476 0.348059 0.027869 0.039608
0 0.099276 0.552686 0.148875 0.038753
0 0.038729 0.029514 0.021673 0.041951
0 0.897795 0.029492 0.023735 0.042038
0 0.964944 0.029498 0.024242 0.043541
0 0.931400 0.030204 0.024711 0.042784
0 0.098055 0.362210 0.144761 0.036693
0 0.099293 0.591245 0.149933 0.038986
0 0.099032 0.323301 0.146715 0.036264
0 0.098602 0.515658 0.146946 0.037038
0 0.097841 0.438496 0.144097 0.038233
0 0.098510 0.475212 0.144944 0.037283
0 0.098328 0.400380 0.144215 0.036545
0 0.098297 0.629021 0.153018 0.036833