0 0.185938 0.068773 0.014181 0.025779
0 0.099413 0.410880 0.110891 0.133396
0 0.146139 0.067998 0.014307 0.027006
0 0.245067 0.251896 0.051879 0.039540
0 0.202716 0.068674 0.015216 0.027020
0 0.168734 0.068407 0.014478 0.026368
0 0.130071 0.067271 0.015298 0.027373
4 0.211150 0.630947 0.185547 0.033813
0 0.017530 0.143300 0.014659 0.026422
0 0.225294 0.068611 0.014838 0.027706
0 0.061682 0.142311 0.014189 0.024988
0 0.259359 0.069384 0.015186 0.028081
0 0.092364 0.143935 0.015195 0.026032
0 0.036737 0.142826 0.017837 0.024952
2 0.073309 0.067520 0.095140 0.028387
4 0.153062 0.589462 0.067010 0.028925
0 0.170122 0.144549 0.015640 0.025677
0 0.281244 0.069121 0.015958 0.028469
0 0.132244 0.144041 0.015866 0.025038
0 0.111987 0.144202 0.016841 0.024724
0 0.215711 0.410399 0.110353 0.133501
0 0.298286 0.069551 0.015450 0.027928
0 0.241067 0.069255 0.014270 0.027645
4 0.131224 0.251380 0.164860 0.038743
0 0.151204 0.143901 0.015060 0.024673
0 0.353555 0.069919 0.018076 0.030308
0 0.011183 0.067959 0.016005 0.026963
0 0.331737 0.069895 0.016010 0.029974
0 0.124157 0.024540 0.034355 0.017015
0 0.192442 0.144030 0.015481 0.026105
0 0.315716 0.069912 0.014611 0.029236
4 0.274981 0.301804 0.045908 0.045203
0 0.077548 0.142844 0.012405 0.026079
0 0.991236 0.987809 0.011362 0.021513
0 0.090937 0.025227 0.016962 0.017381
0 0.976509 0.986204 0.012547 0.022267
0 0.958954 0.984540 0.015065 0.023090
0 0.377114 0.070013 0.016069 0.029755
4 0.189528 0.303738 0.116519 0.038581
0 0.429572 0.323028 0.185103 0.057871
0 0.429204 0.389167 0.185841 0.055116
0 0.430310 0.456684 0.185103 0.055116
0 0.429572 0.521445 0.185103 0.060627