0 0.105041 0.730945 0.017615 0.029072
0 0.166919 0.731088 0.016877 0.028651
0 0.235627 0.731270 0.016909 0.028934
0 0.061276 0.730980 0.016810 0.029206
0 0.124089 0.730908 0.015673 0.028576
0 0.086099 0.730919 0.018350 0.030169
0 0.185715 0.730880 0.017524 0.028911
0 0.042127 0.730837 0.016014 0.028910
0 0.273338 0.731027 0.017901 0.029638
4 0.179775 0.420476 0.068813 0.031803
0 0.148051 0.731021 0.017629 0.028704
4 0.135618 0.615144 0.031531 0.033023
4 0.132286 0.653428 0.024567 0.032698
0 0.038859 0.113644 0.038762 0.029672
0 0.210673 0.731175 0.017810 0.029388
0 0.121606 0.112989 0.100731 0.030443
0 0.254738 0.731200 0.017212 0.029190
2 0.189087 0.537180 0.137843 0.031109
0 0.221385 0.113194 0.072222 0.030126
0 0.319560 0.112358 0.100419 0.030437
4 0.190989 0.299430 0.140988 0.032799
4 0.343682 0.907288 0.112088 0.033980
4 0.135363 0.575335 0.031253 0.032173
4 0.343921 0.844836 0.112859 0.034041
4 0.906369 0.844439 0.067913 0.030831
0 0.023223 0.730641 0.016797 0.030057
4 0.153620 0.220351 0.068331 0.034022
2 0.427777 0.113101 0.093426 0.030759
2 0.506810 0.112060 0.036786 0.027584
4 0.343904 0.876024 0.112630 0.033043
0 0.953056 0.056054 0.018385 0.027308
1 0.022176 0.874750 0.014247 0.025286
0 0.046442 0.376371 0.028791 0.029673
0 0.112966 0.375051 0.072339 0.030155
4 0.906645 0.875691 0.069435 0.031441
1 0.022111 0.905189 0.014552 0.025827
4 0.178080 0.845075 0.216686 0.033942
4 0.907046 0.905503 0.068355 0.030530
0 0.189891 0.374433 0.056061 0.029920
4 0.051362 0.843543 0.039667 0.029393
0 0.416996 0.732043 0.018520 0.031222
4 0.050613 0.905029 0.041920 0.029000
4 0.179903 0.907196 0.217939 0.033449
4 0.177927 0.876310 0.217719 0.033212
4 0.051149 0.875078 0.040786 0.030872
0 0.267746 0.375377 0.072947 0.031067
0 0.946346 0.012523 0.013618 0.020462
1 0.022293 0.807820 0.014991 0.029719
0 0.962821 0.012143 0.012904 0.020218
0 0.982169 0.011755 0.013954 0.020768
4 0.154011 0.182330 0.068268 0.032111
2 0.189846 0.500443 0.139427 0.031658
4 0.522771 0.876999 0.148182 0.032979
4 0.522668 0.845537 0.146489 0.032719
0 0.966948 0.112510 0.022020 0.026709
4 0.693954 0.845016 0.193601 0.034268
1 0.022139 0.843776 0.013969 0.026551
4 0.837404 0.874769 0.041149 0.030573
4 0.307830 0.694382 0.374914 0.030852
4 0.693896 0.875984 0.194593 0.033393
4 0.837849 0.905269 0.040944 0.030649
0 0.925951 0.054726 0.016627 0.029231
4 0.126752 0.420608 0.014837 0.031919
4 0.837894 0.844134 0.041293 0.030898
4 0.522615 0.907705 0.148507 0.032512
4 0.802731 0.875147 0.030026 0.031231
4 0.153882 0.259782 0.067755 0.033137
4 0.694229 0.907049 0.194235 0.032074
0 0.047114 0.054080 0.019699 0.034319
0 0.073765 0.054207 0.018455 0.031768
4 0.411676 0.906670 0.025981 0.032533
4 0.436593 0.907294 0.024373 0.031234
4 0.411800 0.875507 0.026498 0.031015
1 0.126840 0.460192 0.013389 0.024753
4 0.803109 0.905304 0.029680 0.030197
0 0.101810 0.055415 0.016552 0.030450
4 0.436774 0.875973 0.025868 0.030857
4 0.865125 0.874865 0.016836 0.029910
4 0.393654 0.537964 0.066312 0.029236
0 0.584582 0.504872 0.088402 0.027257
4 0.948671 0.875807 0.018169 0.030828
4 0.948471 0.906454 0.018210 0.029852
0 0.339082 0.376753 0.042104 0.028560
4 0.865255 0.905166 0.016054 0.027743
4 0.190436 0.499508 0.138098 0.031246
4 0.802877 0.844050 0.028981 0.030874
1 0.433438 0.848299 0.010467 0.019352
0 0.436531 0.151614 0.148920 0.028568
0 0.438434 0.192162 0.148920 0.028568
0 0.443667 0.229945 0.157484 0.037783
0 0.443905 0.273718 0.154154 0.029489
0 0.444857 0.312884 0.155105 0.030411
0 0.445095 0.348363 0.155581 0.023960
0 0.444619 0.384303 0.151775 0.029489
0 0.444143 0.423929 0.154629 0.023960
0 0.445333 0.464016 0.157960 0.026725
0 0.446046 0.503643 0.161290 0.034097
0 0.729613 0.662608 0.049957 0.036862
0 0.730564 0.704078 0.047102 0.027646
0 0.616852 0.662147 0.169854 0.034097
0 0.577362 0.350206 0.073746 0.022117
0 0.594253 0.385685 0.110382 0.023039
0 0.569988 0.428076 0.065658 0.023039
0 0.558331 0.468163 0.037587 0.027646
0 0.577838 0.543730 0.075649 0.023960
0 0.565230 0.582895 0.055191 0.024882
0 0.585451 0.622521 0.099439 0.034097