0 0.899273 0.974928 0.037949 0.028141
0 0.939665 0.974750 0.025619 0.024442
0 0.159859 0.973422 0.013270 0.023686
0 0.977677 0.974322 0.030380 0.026120
0 0.134598 0.974413 0.016292 0.024575
0 0.851443 0.973601 0.040634 0.027169
0 0.248926 0.377492 0.029549 0.049823
0 0.109429 0.974554 0.015737 0.026878
0 0.960126 0.029918 0.022876 0.035707
0 0.084444 0.974361 0.015018 0.027856
0 0.184588 0.973484 0.015677 0.025013
0 0.159126 0.129146 0.014023 0.027293
0 0.898441 0.030749 0.019960 0.033532
2 0.173792 0.029777 0.114014 0.033145
0 0.931271 0.030761 0.018920 0.034456
0 0.358358 0.376584 0.029921 0.053761
0 0.865489 0.030849 0.019476 0.034807
4 0.075198 0.129962 0.137884 0.032586
0 0.303115 0.376634 0.031284 0.054492
0 0.833320 0.029927 0.020322 0.034720
0 0.185365 0.128455 0.015820 0.028854
0 0.135459 0.129598 0.017138 0.029218
0 0.059631 0.974252 0.013416 0.028375
0 0.413326 0.376683 0.028425 0.051403
0 0.934443 0.613934 0.034573 0.066382
2 0.025887 0.032604 0.051774 0.036007
0 0.143470 0.168533 0.095200 0.027557
0 0.021039 0.086274 0.012545 0.025430
0 0.048270 0.171436 0.092518 0.028568
0 0.980156 0.612288 0.010727 0.035060