0 0.856311 0.599441 0.019288 0.031839
0 0.901262 0.964143 0.031247 0.028507
0 0.928062 0.599037 0.015778 0.027339
0 0.145250 0.216808 0.030470 0.032417
0 0.877265 0.599662 0.019643 0.031269
0 0.072243 0.217959 0.089977 0.037568
0 0.955936 0.963649 0.061793 0.038009
0 0.705383 0.599269 0.035056 0.026270
0 0.198864 0.216301 0.053109 0.032944
2 0.164489 0.029872 0.095631 0.036152
0 0.845053 0.116436 0.084198 0.033863
0 0.785156 0.599367 0.024281 0.024431
0 0.928637 0.115789 0.067291 0.033484
0 0.747683 0.599092 0.030906 0.025615
0 0.618036 0.599214 0.026867 0.025993
4 0.854023 0.380232 0.216479 0.030709
0 0.625186 0.216185 0.031530 0.031697
0 0.764049 0.115247 0.059070 0.029220
0 0.551229 0.216242 0.092730 0.032972
0 0.284658 0.216518 0.091824 0.033400
4 0.618024 0.380855 0.212432 0.030314
0 0.822869 0.599367 0.030536 0.025786
0 0.472704 0.217162 0.038701 0.033115
0 0.553011 0.599534 0.083928 0.029802
0 0.953558 0.380132 0.017016 0.030281
0 0.683592 0.216431 0.058702 0.033072
0 0.659685 0.599136 0.035319 0.026266
0 0.903128 0.599546 0.014619 0.027348
4 0.149463 0.453713 0.212721 0.029319
0 0.959931 0.028404 0.021217 0.036815
4 0.383298 0.381890 0.217028 0.030261
0 0.763641 0.216998 0.075749 0.032431
0 0.392083 0.216247 0.097970 0.034237
0 0.718491 0.380291 0.015168 0.028816
0 0.679288 0.116270 0.092953 0.029594
0 0.482972 0.380598 0.015772 0.028262
2 0.146686 0.380181 0.214207 0.031098
4 0.617963 0.453251 0.216622 0.030562
0 0.898650 0.030447 0.018273 0.032533
2 0.203589 0.599200 0.058137 0.028701
0 0.718481 0.452730 0.015568 0.029289
0 0.662932 0.029928 0.019635 0.035281
0 0.337265 0.029420 0.019356 0.030369
2 0.946283 0.598915 0.015731 0.029155
4 0.508464 0.031341 0.316531 0.046210
0 0.933939 0.028251 0.023639 0.038605
4 0.613696 0.350092 0.210235 0.027371
0 0.246732 0.453139 0.016908 0.029198
4 0.406229 0.600309 0.179408 0.030363
4 0.383662 0.350380 0.215195 0.027257
0 0.494975 0.599728 0.017661 0.030325
4 0.851357 0.350326 0.213583 0.024707
0 0.043672 0.031379 0.015364 0.034358