0 0.171219 0.435792 0.019573 0.027422
4 0.069720 0.183085 0.119567 0.032997
0 0.891907 0.084542 0.051065 0.033337
0 0.931313 0.083600 0.017701 0.030002
2 0.227805 0.182567 0.139720 0.033037
0 0.261979 0.964836 0.097370 0.032702
0 0.291314 0.504513 0.046592 0.028761
2 0.079541 0.401251 0.139064 0.027046
2 0.079506 0.328651 0.137026 0.028766
2 0.025337 0.086512 0.039068 0.031982
2 0.227415 0.327541 0.136668 0.031717
0 0.468268 0.228973 0.084165 0.031868
0 0.956824 0.082744 0.016790 0.028786
0 0.139329 0.182703 0.019844 0.029297
1 0.009746 0.767021 0.014184 0.026292
0 0.071975 0.024321 0.016740 0.031274
0 0.149024 0.435993 0.017378 0.026188
0 0.956296 0.025141 0.018976 0.030286
0 0.928440 0.024198 0.018234 0.031346
0 0.873120 0.023234 0.017743 0.030514
0 0.098508 0.025162 0.018131 0.031382
0 0.235487 0.504825 0.049699 0.028015
1 0.010597 0.556804 0.014603 0.026449
2 0.499640 0.023923 0.232377 0.039989
0 0.901108 0.024043 0.018498 0.032026
2 0.079584 0.255443 0.139152 0.031462
0 0.043476 0.023649 0.018932 0.032198
2 0.228279 0.255724 0.136574 0.031426
1 0.009580 0.689881 0.014473 0.026067
0 0.022071 0.963371 0.032303 0.032471
0 0.337561 0.497151 0.014712 0.035391
1 0.010799 0.923032 0.013107 0.026692
0 0.322932 0.080442 0.011697 0.026996
0 0.548338 0.229279 0.049652 0.030733
1 0.010535 0.612189 0.012642 0.022446
0 0.303677 0.610148 0.008955 0.028568
0 0.304204 0.690240 0.010008 0.019385
0 0.304730 0.767781 0.008955 0.023466
0 0.304994 0.844302 0.006321 0.019385
0 0.304730 0.919802 0.008955 0.023466
1 0.011062 0.848893 0.010535 0.020406
0 0.383217 0.227035 0.057417 0.035710
0 0.651338 0.197957 0.020544 0.022446
0 0.673725 0.199487 0.020017 0.021426
0 0.847747 0.833688 0.044918 0.028568
2 0.880933 0.835636 0.017431 0.029866
2 0.879928 0.723962 0.018101 0.027269
2 0.880263 0.779150 0.017431 0.025971
2 0.879592 0.907055 0.018772 0.029866
2 0.880933 0.990860 0.020113 0.018279
0 0.847747 0.725260 0.046259 0.029866
0 0.846407 0.780448 0.044918 0.031165
0 0.846407 0.906406 0.043577 0.031165
0 0.847077 0.990161 0.047600 0.019478