0 0.304038 0.285221 0.190570 0.154754
0 0.306016 0.541018 0.192907 0.159851
0 0.500495 0.542146 0.190237 0.158817
4 0.897883 0.129544 0.138675 0.034509
0 0.501241 0.288142 0.189010 0.153509
0 0.386812 0.849820 0.022961 0.038931
0 0.583266 0.341036 0.021997 0.039173
0 0.307450 0.798346 0.191205 0.156781
0 0.086878 0.322348 0.162926 0.028592
0 0.062886 0.555885 0.113436 0.028138
0 0.064021 0.516246 0.116548 0.027607
0 0.088561 0.749585 0.165020 0.029092
0 0.089757 0.283109 0.166445 0.027457
0 0.067608 0.827721 0.122601 0.027341
0 0.087859 0.903852 0.162582 0.028153
0 0.063844 0.709919 0.115866 0.027695
0 0.062044 0.478432 0.111815 0.027177
0 0.695745 0.542555 0.189416 0.160597
0 0.088498 0.943007 0.164990 0.029306
0 0.093661 0.244985 0.167988 0.027134
0 0.080310 0.439360 0.133539 0.028958
0 0.583240 0.594998 0.022845 0.040715
0 0.087888 0.362211 0.163231 0.028849
0 0.084002 0.790052 0.157544 0.027996
0 0.386894 0.595647 0.022057 0.039172
0 0.079969 0.633310 0.145348 0.029074
0 0.074275 0.866245 0.135386 0.027907
0 0.074143 0.671597 0.135065 0.028014
0 0.072397 0.401525 0.118334 0.027496
0 0.387009 0.340909 0.021153 0.036251
0 0.065132 0.595345 0.116080 0.028118
2 0.236924 0.065193 0.263041 0.033599
0 0.097759 0.206681 0.174906 0.029464
0 0.779189 0.595205 0.023603 0.042806
0 0.065960 0.982757 0.117756 0.026681
0 0.960118 0.127859 0.018629 0.031099
0 0.874892 0.062970 0.019793 0.033892
0 0.902394 0.062849 0.019692 0.033196
0 0.048172 0.865915 0.083552 0.026678
0 0.956608 0.017419 0.014789 0.022997
0 0.042008 0.063273 0.017605 0.032645
0 0.104137 0.865342 0.108502 0.027025
0 0.930038 0.062975 0.019151 0.033365
0 0.957755 0.062728 0.018540 0.034393
0 0.985055 0.017161 0.014559 0.023294
0 0.927745 0.018468 0.016077 0.023406
0 0.896069 0.018816 0.012705 0.024910
0 0.122108 0.865050 0.074778 0.026953