0 0.233677 0.937716 0.021191 0.036994
4 0.186399 0.434578 0.115267 0.032737
0 0.117740 0.937707 0.019911 0.034139
2 0.224763 0.829569 0.051836 0.031263
0 0.287655 0.937425 0.021245 0.033888
4 0.165228 0.367099 0.075463 0.031908
0 0.070636 0.936723 0.019598 0.034670
4 0.186184 0.502288 0.115123 0.033108
0 0.220251 0.077503 0.014367 0.026832
4 0.186145 0.468617 0.115703 0.033793
0 0.050248 0.937347 0.020765 0.035183
0 0.091752 0.936837 0.021669 0.035126
0 0.203538 0.269874 0.032854 0.031270
1 0.043036 0.829644 0.025226 0.031418
0 0.164182 0.269327 0.044193 0.031196
0 0.113818 0.269311 0.052979 0.030787
0 0.119617 0.181940 0.084018 0.025901
2 0.224806 0.798179 0.051820 0.032889
0 0.266714 0.937206 0.020434 0.034532
2 0.225355 0.860802 0.051630 0.032946
4 0.284238 0.467869 0.040670 0.031345
0 0.260027 0.077394 0.017524 0.028463
0 0.212585 0.938256 0.021224 0.036440
0 0.240746 0.269716 0.039946 0.030419
4 0.164259 0.400682 0.077255 0.032068
4 0.189515 0.333610 0.122146 0.032141
0 0.179555 0.937829 0.020987 0.034248
0 0.189666 0.181683 0.037419 0.024785
0 0.175032 0.032483 0.031537 0.022643
0 0.023478 0.938182 0.023643 0.037928
0 0.302919 0.181485 0.037233 0.026300
4 0.555123 0.767370 0.104453 0.032243
0 0.247064 0.182598 0.056002 0.025364
0 0.148560 0.937638 0.040674 0.034482
2 0.094159 0.077296 0.115358 0.032597
0 0.238322 0.077818 0.015750 0.028114
4 0.660435 0.767737 0.088733 0.033479
0 0.373416 0.182084 0.083625 0.026602
4 0.282832 0.536618 0.314058 0.033508
0 0.335207 0.076863 0.015584 0.026244
4 0.309875 0.798334 0.120276 0.033086
1 0.042926 0.798180 0.025064 0.030845
4 0.311083 0.767314 0.121531 0.032415
2 0.247145 0.234014 0.156563 0.033070
0 0.040434 0.181866 0.053293 0.025935
2 0.340453 0.502653 0.158607 0.031482
4 0.660732 0.860811 0.087588 0.029599
0 0.393599 0.077069 0.016740 0.027028
0 0.202902 0.077228 0.015065 0.026635
0 0.945199 0.015357 0.013128 0.026663
4 0.091498 0.797747 0.072033 0.031945
1 0.042800 0.766404 0.023683 0.031340
4 0.660730 0.800032 0.087876 0.034057
4 0.091501 0.829324 0.072161 0.033042
0 0.277989 0.077371 0.015451 0.028310
4 0.552958 0.797869 0.106819 0.031989
0 0.221464 0.032963 0.040703 0.022548
0 0.301820 0.269789 0.078941 0.028798
0 0.411540 0.076914 0.016844 0.026842
0 0.296052 0.077137 0.017138 0.027909
4 0.310141 0.861204 0.119409 0.031721
0 0.135690 0.033723 0.025463 0.023376
2 0.224731 0.766904 0.051843 0.031144
4 0.661070 0.829714 0.086923 0.031861
0 0.368960 0.077317 0.015267 0.026408
4 0.553441 0.860721 0.107076 0.032828
0 0.283618 0.033636 0.061277 0.024379
0 0.352414 0.077441 0.014692 0.026093
0 0.058164 0.269902 0.055778 0.029104
4 0.554110 0.829109 0.106953 0.032929
0 0.434245 0.076293 0.014957 0.026402
1 0.042894 0.861222 0.025692 0.031232
0 0.179085 0.076802 0.015322 0.027571
0 0.316893 0.076807 0.015561 0.026763
0 0.054256 0.032885 0.050831 0.022336
4 0.311351 0.829946 0.119660 0.031954
4 0.491239 0.799119 0.019308 0.032732
4 0.091623 0.861087 0.071535 0.032478
4 0.491223 0.860995 0.018959 0.031309
0 0.959128 0.014755 0.012740 0.025555
0 0.687547 0.568717 0.033309 0.035700
0 0.342385 0.033485 0.037289 0.023226
4 0.491456 0.829966 0.019396 0.031354
0 0.688096 0.467770 0.021410 0.034454
0 0.023012 0.077346 0.015865 0.026819
4 0.585920 0.233860 0.127689 0.030918
0 0.101351 0.033837 0.023022 0.025002
4 0.491515 0.767218 0.019285 0.031603
0 0.978401 0.984152 0.016198 0.024015
0 0.435127 0.645212 0.014130 0.021933
0 0.451958 0.076025 0.015198 0.026147
0 0.953026 0.984660 0.017500 0.022335
0 0.930726 0.015769 0.015043 0.027866
1 0.612304 0.859984 0.012346 0.027629
1 0.612726 0.798619 0.012229 0.025052
0 0.017354 0.028362 0.013637 0.022052
0 0.162791 0.076914 0.013567 0.027379
1 0.612762 0.768100 0.012279 0.026407
4 0.344999 0.334132 0.013807 0.032032
1 0.612654 0.829099 0.012314 0.026796
0 0.683514 0.888855 0.012339 0.022905
4 0.091864 0.766154 0.073772 0.032116
0 0.384944 0.034144 0.022834 0.024759
0 0.660263 0.568518 0.021965 0.034373
0 0.695192 0.888735 0.014765 0.023711
0 0.449774 0.645086 0.013015 0.022201
4 0.398265 0.368310 0.116141 0.032868
0 0.906218 0.984686 0.021274 0.023318
0 0.376918 0.889141 0.014089 0.025416
0 0.867690 0.984855 0.044119 0.023342
0 0.004515 0.076550 0.008986 0.026784
1 0.344615 0.467704 0.008371 0.017325
0 0.391055 0.890666 0.011162 0.022598
0 0.408594 0.889159 0.019134 0.021092