0 0.215778 0.086780 0.020462 0.032523
0 0.496766 0.087464 0.019272 0.029842
0 0.784536 0.326722 0.015606 0.026808
0 0.314401 0.087490 0.019603 0.031342
0 0.766229 0.326963 0.017363 0.027814
0 0.265825 0.087788 0.017998 0.030261
0 0.244301 0.087683 0.018522 0.030902
0 0.475744 0.087666 0.019325 0.029843
4 0.476394 0.456956 0.124602 0.031324
0 0.405314 0.087288 0.018245 0.030030
4 0.453897 0.423509 0.080773 0.030670
0 0.248157 0.202908 0.021236 0.029900
0 0.933888 0.016337 0.016440 0.029699
0 0.750928 0.488558 0.029450 0.033399
0 0.361426 0.203199 0.060372 0.027442
0 0.287433 0.087485 0.018784 0.031258
4 0.701969 0.391680 0.124717 0.032153
0 0.525526 0.086478 0.017858 0.028171
2 0.645451 0.488483 0.168905 0.026650
0 0.296300 0.202572 0.053879 0.027913
0 0.179698 0.202730 0.089620 0.028701
0 0.335090 0.087933 0.017732 0.030991
4 0.453522 0.390285 0.079790 0.031080
0 0.384638 0.086846 0.019256 0.031011
2 0.113170 0.089030 0.137252 0.037724
0 0.446517 0.088039 0.019840 0.029804
4 0.600319 0.748732 0.080300 0.030932
4 0.669975 0.748656 0.044534 0.031777
0 0.951276 0.016802 0.016922 0.030701
4 0.476606 0.489893 0.126882 0.031294
0 0.800359 0.326880 0.014520 0.026468
4 0.581990 0.456304 0.044429 0.031230
0 0.476889 0.328945 0.047785 0.031752
0 0.546301 0.086274 0.016376 0.027756
0 0.717671 0.749139 0.036226 0.034505
2 0.423213 0.749460 0.249528 0.034415
0 0.605010 0.329656 0.099810 0.031489
0 0.418051 0.328916 0.066663 0.032151
4 0.905423 0.260776 0.134188 0.033017
0 0.426321 0.087903 0.017731 0.029374
0 0.300037 0.292967 0.020671 0.033447
4 0.499245 0.620195 0.165730 0.031175
0 0.527256 0.329413 0.049272 0.031161
4 0.581192 0.520394 0.333613 0.026538
0 0.073114 0.202611 0.100498 0.029876
0 0.368438 0.688566 0.132073 0.033447
2 0.507834 0.261573 0.227534 0.030643
0 0.701665 0.329625 0.090592 0.031306
0 0.356311 0.087503 0.020980 0.032200
0 0.458707 0.973297 0.022049 0.037445
0 0.488162 0.688234 0.102125 0.032827
0 0.194411 0.087174 0.018558 0.031753
0 0.342859 0.329482 0.078880 0.033157
0 0.916242 0.016429 0.016714 0.030018
0 0.438450 0.203276 0.060690 0.028959
0 0.501264 0.391017 0.017429 0.030059
0 0.299169 0.974956 0.023052 0.037007
0 0.553811 0.974223 0.020417 0.034619
0 0.018640 0.033374 0.017736 0.027623
0 0.028785 0.087428 0.019220 0.031458
0 0.396266 0.974109 0.021898 0.036777
0 0.648479 0.975027 0.027268 0.044727
0 0.330944 0.975929 0.023086 0.037345
0 0.615589 0.976941 0.022918 0.036756
0 0.484515 0.203120 0.016458 0.026714
0 0.362997 0.974834 0.023603 0.036020
0 0.426953 0.974622 0.020683 0.036410
0 0.679367 0.976110 0.021224 0.037557
0 0.710406 0.973508 0.024885 0.033858
0 0.865475 0.974100 0.015945 0.025031
0 0.490891 0.973505 0.021499 0.035399
0 0.584335 0.973919 0.022336 0.033992
0 0.522351 0.974146 0.022180 0.035124
0 0.884592 0.974475 0.013823 0.025070
0 0.264018 0.974250 0.024002 0.037709
4 0.601062 0.554679 0.372552 0.032591
0 0.978661 0.977156 0.023032 0.037615
0 0.022460 0.920746 0.016282 0.026628
0 0.973648 0.923418 0.018641 0.031369
0 0.768077 0.974895 0.051324 0.029859
0 0.507193 0.202606 0.025438 0.026154
0 0.017163 0.974280 0.020937 0.034198
0 0.899729 0.974768 0.015378 0.025779
0 0.813141 0.974084 0.014961 0.024747
4 0.600769 0.585662 0.370312 0.027171
1 0.647651 0.455899 0.011062 0.018738