0 0.257253 0.096122 0.021182 0.038730
0 0.109046 0.211290 0.022168 0.037464
4 0.319902 0.733271 0.052771 0.039173
4 0.367789 0.690909 0.148124 0.039900
0 0.282552 0.096197 0.020115 0.038701
0 0.080200 0.211261 0.018971 0.036786
4 0.578552 0.691809 0.145903 0.038893
0 0.593324 0.096528 0.021940 0.041456
0 0.052513 0.211305 0.021095 0.037900
0 0.023658 0.210561 0.026253 0.043445
4 0.315689 0.357285 0.042407 0.036592
4 0.527465 0.358371 0.043271 0.039165
4 0.341647 0.649740 0.094450 0.040207
4 0.553924 0.649329 0.094008 0.039037
0 0.308499 0.096103 0.020806 0.039421
0 0.684390 0.816886 0.033696 0.040514
0 0.684294 0.358833 0.034821 0.041194
4 0.527721 0.274506 0.043361 0.039208
0 0.502481 0.098152 0.023592 0.042222
0 0.684584 0.649645 0.033443 0.041098
0 0.561298 0.097457 0.024274 0.042715
4 0.532094 0.732923 0.051977 0.039254
4 0.340606 0.316358 0.095538 0.038527
4 0.315741 0.274490 0.043693 0.039137
4 0.553639 0.607670 0.094026 0.039330
2 0.114984 0.092644 0.149970 0.043995
4 0.340907 0.608422 0.093929 0.039713
0 0.153178 0.026576 0.030843 0.026646
0 0.534923 0.098527 0.024689 0.042850
4 0.340708 0.816063 0.093769 0.039170
0 0.684334 0.273895 0.033769 0.040254
0 0.684332 0.775624 0.033911 0.039423
0 0.451585 0.097397 0.023217 0.041489
0 0.477154 0.098123 0.022742 0.041303
0 0.684412 0.733244 0.034367 0.039106
4 0.553299 0.815893 0.093558 0.039469
0 0.684347 0.566241 0.033506 0.042527
0 0.684375 0.692028 0.034162 0.038835
0 0.205265 0.026796 0.047006 0.027453
4 0.553288 0.316257 0.095549 0.040121
0 0.684308 0.316594 0.034408 0.038911
0 0.224684 0.095809 0.023448 0.042564
4 0.587194 0.774579 0.160987 0.037506
4 0.307506 0.399228 0.025698 0.039479
0 0.426050 0.096646 0.023717 0.042582
0 0.109847 0.026955 0.028264 0.027513
4 0.315731 0.440654 0.043776 0.039606
0 0.042356 0.026530 0.079063 0.034060
4 0.307084 0.565453 0.027152 0.041912
4 0.519220 0.565963 0.025985 0.040074
4 0.375561 0.774911 0.164686 0.039029
0 0.619718 0.096410 0.024048 0.041600
0 0.684346 0.608700 0.033949 0.040237
0 0.200358 0.095459 0.022187 0.042356
0 0.257359 0.027563 0.030217 0.028282
0 0.341370 0.097923 0.022258 0.043017
0 0.019502 0.096487 0.022109 0.041173
0 0.367038 0.097821 0.023621 0.043811
0 0.393183 0.096324 0.022023 0.044280
1 0.030193 0.941346 0.010254 0.021992
0 0.346203 0.274645 0.016847 0.036812
4 0.356479 0.316488 0.063451 0.038242