4 0.287348 0.591370 0.103410 0.041452
2 0.080238 0.157223 0.132429 0.040936
0 0.134584 0.023503 0.031552 0.031387
0 0.265302 0.024054 0.048013 0.031952
4 0.255547 0.639705 0.039987 0.041975
0 0.055663 0.023552 0.035255 0.031671
4 0.251418 0.442376 0.031808 0.040564
0 0.196261 0.023250 0.071351 0.030502
0 0.320398 0.023878 0.043780 0.030475
0 0.314041 0.344842 0.017910 0.042007
4 0.270762 0.344435 0.071178 0.042391
4 0.255497 0.393873 0.039904 0.041963
2 0.185078 0.158338 0.050059 0.031928
0 0.095272 0.023722 0.026423 0.033215
4 0.255372 0.688628 0.040951 0.041532
0 0.368992 0.024807 0.031483 0.032688
0 0.019985 0.021505 0.018869 0.029213
1 0.243715 0.835878 0.013010 0.026165
0 0.025821 0.084480 0.018561 0.036312