0 0.169889 0.158710 0.020397 0.034547
0 0.204388 0.023839 0.038222 0.030531
4 0.506368 0.639436 0.085640 0.042448
0 0.205427 0.158284 0.019836 0.033161
4 0.504289 0.689282 0.085678 0.038833
4 0.183793 0.836149 0.086130 0.042025
0 0.592692 0.933354 0.100962 0.045109
0 0.159464 0.023479 0.031687 0.031579
2 0.079961 0.157279 0.132708 0.041024
4 0.185259 0.688222 0.088197 0.041178
0 0.606735 0.787373 0.088350 0.045443
4 0.264727 0.443788 0.242855 0.044667
4 0.251912 0.836001 0.047298 0.041980
4 0.184985 0.639162 0.087803 0.041205
0 0.337483 0.023806 0.043647 0.032370
4 0.153321 0.295591 0.039545 0.040475
2 0.483476 0.158529 0.051527 0.034056
4 0.599454 0.343744 0.088814 0.043744
4 0.215171 0.887427 0.148390 0.040438
0 0.067160 0.024100 0.059715 0.032690
0 0.269278 0.024189 0.071006 0.033007
4 0.263296 0.490989 0.244653 0.043300
0 0.312598 0.158704 0.020025 0.030056
0 0.120199 0.023687 0.025926 0.033025
0 0.277013 0.159139 0.018518 0.031608
0 0.390843 0.159145 0.104827 0.034398
0 0.384675 0.024574 0.031437 0.034505
0 0.227976 0.248377 0.017787 0.037254
0 0.241178 0.157906 0.019667 0.032214
0 0.019962 0.021911 0.018737 0.030202
4 0.176430 0.247824 0.086276 0.041207
0 0.025623 0.084168 0.019003 0.035639
4 0.339413 0.934311 0.400435 0.046696