0 0.099251 0.349885 0.025154 0.044698
4 0.620178 0.393951 0.039345 0.041372
2 0.666926 0.787960 0.180844 0.043111
0 0.392025 0.158667 0.032580 0.032570
0 0.069827 0.350103 0.025321 0.044101
0 0.440927 0.295772 0.023350 0.042490
0 0.187711 0.023917 0.031437 0.030807
0 0.351001 0.159141 0.019398 0.032352
0 0.433743 0.159290 0.018636 0.035276
4 0.618329 0.443534 0.032487 0.041203
2 0.079487 0.156767 0.132666 0.040401
0 0.324432 0.226825 0.067498 0.042116
0 0.316987 0.023928 0.044649 0.031847
0 0.651813 0.159191 0.018814 0.031795
0 0.149225 0.023059 0.027746 0.032184
4 0.705323 0.443114 0.054799 0.046323
0 0.314134 0.159455 0.017522 0.033088
0 0.244518 0.227391 0.085879 0.044414
0 0.596996 0.158878 0.057305 0.032107
1 0.483674 0.957818 0.021428 0.037516
0 0.249431 0.023156 0.071182 0.030547
0 0.167328 0.227541 0.059374 0.042834
2 0.827034 0.158830 0.050988 0.033156
4 0.559958 0.879998 0.045835 0.040408
0 0.506818 0.159059 0.092969 0.036280
1 0.483693 0.918272 0.021267 0.035976
4 0.706246 0.491901 0.056675 0.042918
4 0.617067 0.494000 0.033122 0.038829
0 0.258899 0.575421 0.175072 0.028783
0 0.732766 0.159157 0.110685 0.033400
4 0.968160 0.786019 0.063680 0.044892
0 0.081474 0.023051 0.088166 0.031598
1 0.463299 0.918530 0.016902 0.032705
4 0.516400 0.878837 0.044295 0.040872
0 0.364087 0.024477 0.031443 0.033951
4 0.668101 0.246857 0.088061 0.042115
4 0.617007 0.541958 0.033004 0.041372
0 0.517986 0.299527 0.096864 0.037922
2 0.542703 0.247024 0.163771 0.042442
0 0.441008 0.785535 0.023523 0.044000
4 0.560443 0.956963 0.045577 0.039782
0 0.693665 0.298357 0.039405 0.036045
4 0.921062 0.247717 0.157346 0.043983
0 0.236339 0.720004 0.118511 0.019540
0 0.620955 0.298270 0.066839 0.030247
1 0.463219 0.958316 0.015900 0.034126
4 0.516554 0.957446 0.045170 0.040706
4 0.560151 0.919004 0.045757 0.040190
0 0.224827 0.158493 0.128122 0.033412
4 0.516538 0.917957 0.045101 0.039854
0 0.287982 0.648893 0.226817 0.022459
0 0.758300 0.297658 0.054645 0.035903
0 0.235266 0.695684 0.118737 0.020145
0 0.291246 0.764472 0.223597 0.028064
0 0.648042 0.394053 0.017909 0.041147
4 0.702939 0.958578 0.160109 0.042764
1 0.483735 0.878229 0.021482 0.036706
4 0.702514 0.881171 0.159677 0.041912
0 0.020000 0.021872 0.018973 0.030298
4 0.701873 0.919768 0.162242 0.040715
0 0.948955 0.297643 0.057989 0.035677
0 0.853455 0.298199 0.095572 0.033952
0 0.284106 0.602510 0.214900 0.022094
0 0.232939 0.742489 0.114960 0.018922
0 0.283861 0.624012 0.213140 0.021249
0 0.025789 0.084443 0.019049 0.037228
2 0.030781 0.350371 0.041041 0.042261
4 0.970802 0.919701 0.058396 0.040840
1 0.462952 0.880040 0.017072 0.033589
0 0.219674 0.789851 0.094564 0.021541
4 0.970307 0.958816 0.059037 0.041708
4 0.591326 0.881635 0.020374 0.038864
4 0.591421 0.957259 0.020185 0.037882
4 0.590844 0.918915 0.018773 0.038922
4 0.971335 0.881391 0.057329 0.040204
0 0.605012 0.986207 0.010007 0.021604
4 0.864124 0.919625 0.157092 0.039991
0 0.204586 0.671920 0.058121 0.017025
4 0.611752 0.919869 0.017999 0.038389
4 0.863473 0.880650 0.158394 0.041541
4 0.602558 0.956799 0.038182 0.037458
4 0.869507 0.441232 0.260985 0.040682
0 0.462287 0.833723 0.016828 0.035409
4 0.862041 0.957907 0.160661 0.040000
4 0.612415 0.881285 0.019238 0.041115