4 0.273407 0.616963 0.148654 0.036419
4 0.161787 0.182051 0.103834 0.037632
0 0.866998 0.973589 0.075188 0.039355
4 0.145608 0.230957 0.072107 0.037004
4 0.372710 0.713134 0.031668 0.037506
4 0.301581 0.663924 0.206477 0.037504
4 0.233214 0.566956 0.070381 0.034041
0 0.951470 0.094777 0.052249 0.038245
0 0.075079 0.326074 0.060224 0.038471
4 0.272754 0.712325 0.148592 0.035950
4 0.400951 0.423869 0.409272 0.038115
4 0.400868 0.518607 0.409579 0.036896
0 0.656543 0.422968 0.024377 0.039182
4 0.663858 0.229672 0.039804 0.038503
0 0.944294 0.973402 0.066764 0.036917
4 0.257645 0.182155 0.041000 0.038924
4 0.401132 0.471778 0.407508 0.035585
0 0.174673 0.326056 0.102573 0.040626
2 0.043820 0.095263 0.043721 0.033905
0 0.489651 0.326314 0.048772 0.040868
0 0.418233 0.325505 0.063563 0.042548
0 0.276796 0.325331 0.068668 0.041488
0 0.556525 0.326088 0.056570 0.039873
0 0.348845 0.325733 0.046309 0.040101
1 0.203561 0.760145 0.013325 0.025164
0 0.036807 0.026992 0.023592 0.041375
0 0.926608 0.027688 0.025197 0.044509
0 0.891055 0.028092 0.024423 0.042057
0 0.962521 0.027521 0.026612 0.045580