4 0.271071 0.711687 0.128170 0.035156
4 0.251138 0.423598 0.087576 0.036439
0 0.868270 0.972180 0.075311 0.038894
4 0.222764 0.663978 0.031293 0.036458
4 0.331130 0.472670 0.247281 0.035883
4 0.146954 0.231769 0.070717 0.036056
4 0.442163 0.423802 0.248767 0.037221
4 0.163281 0.182747 0.103579 0.035890
4 0.665684 0.230909 0.039013 0.038231
4 0.235190 0.616400 0.055744 0.032696
0 0.946304 0.971873 0.065323 0.035682
0 0.350495 0.328546 0.041006 0.036746
4 0.259430 0.182710 0.039746 0.037401
2 0.044954 0.096483 0.043063 0.033333
0 0.657998 0.422393 0.024325 0.038244
0 0.175644 0.326769 0.101342 0.037337
0 0.953132 0.096453 0.053606 0.037875
0 0.491143 0.326096 0.049234 0.037312
0 0.278205 0.326008 0.068863 0.038337
0 0.558174 0.326142 0.054925 0.036606
0 0.420387 0.326317 0.061448 0.038142
0 0.075994 0.325276 0.066016 0.037501
1 0.213189 0.518649 0.013175 0.027153
1 0.212978 0.567626 0.012857 0.025819
0 0.037862 0.027960 0.022956 0.041168
0 0.928176 0.029514 0.025606 0.043539
0 0.964411 0.028928 0.026186 0.043774
0 0.892947 0.029287 0.024473 0.041852