0 0.069985 0.327986 0.022480 0.043777
0 0.282239 0.328153 0.022671 0.043819
2 0.218769 0.106201 0.038884 0.035202
4 0.270690 0.653299 0.139218 0.047308
4 0.270721 0.762019 0.138915 0.048622
0 0.532213 0.327991 0.026031 0.047737
0 0.461752 0.328539 0.104722 0.046901
0 0.353505 0.329461 0.106885 0.041919
0 0.577790 0.328144 0.022911 0.044191
0 0.600964 0.328094 0.021432 0.042601
0 0.046950 0.327241 0.022234 0.043320
4 0.270506 0.815781 0.139679 0.048455
0 0.624165 0.327638 0.022786 0.043372
4 0.270664 0.544081 0.139735 0.045517
0 0.259384 0.327869 0.022170 0.043065
0 0.024316 0.434625 0.023067 0.044808
4 0.354855 0.760667 0.030592 0.045091
0 0.916194 0.106913 0.061350 0.040878
4 0.166527 0.328604 0.157376 0.047885
2 0.149181 0.106266 0.084500 0.038303
4 0.354744 0.544323 0.030483 0.042405
4 0.354974 0.652575 0.031607 0.045657
0 0.977136 0.106798 0.045727 0.037777
0 0.161701 0.435666 0.024946 0.040085
0 0.056767 0.107442 0.086823 0.040290
0 0.122603 0.438405 0.022000 0.038881
4 0.270131 0.489774 0.138989 0.047350
0 0.380727 0.489272 0.021902 0.043573
0 0.073927 0.436406 0.037780 0.040799
4 0.355195 0.489690 0.029591 0.046201
0 0.223539 0.436077 0.070663 0.039092
0 0.295021 0.436662 0.040805 0.038021
0 0.343666 0.436919 0.027968 0.040115
0 0.027444 0.027975 0.021321 0.046613
0 0.987061 0.029842 0.023104 0.048396
0 0.401043 0.436879 0.058061 0.038232
0 0.919564 0.028272 0.024963 0.048051
0 0.953086 0.029887 0.024263 0.049105