0 0.071502 0.871957 0.021563 0.039303
0 0.049071 0.221666 0.022874 0.042061
0 0.048673 0.871893 0.021668 0.039548
0 0.531290 0.222106 0.023208 0.042082
0 0.282996 0.221845 0.023436 0.041960
0 0.554076 0.222047 0.021844 0.041731
4 0.253076 0.574277 0.098695 0.042032
0 0.354195 0.222391 0.106454 0.043596
0 0.072033 0.221964 0.022239 0.042222
0 0.459991 0.222305 0.106165 0.044239
4 0.267258 0.523859 0.132049 0.043390
0 0.493987 0.472583 0.023167 0.041743
4 0.395778 0.723026 0.384243 0.042583
4 0.455777 0.522547 0.038029 0.043002
0 0.260171 0.221824 0.020966 0.039819
4 0.301994 0.623031 0.196732 0.042080
0 0.026159 0.321095 0.023464 0.040624
4 0.169831 0.223266 0.158457 0.043968
4 0.456175 0.472754 0.037853 0.040613
0 0.577141 0.222175 0.022744 0.042071
2 0.219834 0.101292 0.038232 0.032900
0 0.373180 0.873059 0.021861 0.040298
4 0.321829 0.474115 0.237193 0.041118
0 0.703182 0.969935 0.062723 0.040658
2 0.667455 0.371490 0.128397 0.042590
0 0.973714 0.101041 0.048042 0.033124
2 0.150882 0.101118 0.082506 0.033811
0 0.911746 0.100645 0.059973 0.035369
0 0.771821 0.970363 0.059517 0.034741
0 0.058057 0.101906 0.087325 0.033247
0 0.914970 0.969773 0.048724 0.032665
4 0.218464 0.371831 0.030304 0.041659
4 0.342694 0.873532 0.037244 0.042836
4 0.221174 0.673977 0.035332 0.038688
0 0.846210 0.970520 0.072095 0.033338
0 0.163524 0.324192 0.018603 0.035450
0 0.972070 0.969846 0.049326 0.033051
0 0.248511 0.673455 0.016924 0.036271
0 0.075890 0.322523 0.037972 0.037589
0 0.210307 0.322875 0.040916 0.037731
0 0.275938 0.322443 0.059926 0.036317
0 0.123737 0.322699 0.023810 0.034522
0 0.096759 0.872756 0.016562 0.034073
4 0.248856 0.371956 0.018572 0.043435
0 0.028899 0.029186 0.021795 0.042942
0 0.916055 0.030435 0.023993 0.044181
0 0.949985 0.031008 0.023868 0.044566
0 0.982882 0.031268 0.022461 0.045092
0 0.271314 0.371969 0.017806 0.040921