0 0.141042 0.088365 0.016725 0.030810
0 0.164084 0.087574 0.016626 0.031773
0 0.258725 0.088478 0.015182 0.030548
0 0.938457 0.088701 0.016022 0.030533
0 0.188246 0.087627 0.017478 0.031898
0 0.310759 0.087696 0.070986 0.031265
0 0.235949 0.088229 0.016445 0.031362
0 0.914532 0.088553 0.016330 0.031490
0 0.474321 0.088018 0.069733 0.031103
0 0.117709 0.088937 0.016525 0.030312
0 0.392186 0.087934 0.077796 0.031131
2 0.624369 0.087117 0.035157 0.030605
0 0.976578 0.087711 0.044337 0.033261
0 0.070336 0.088314 0.013979 0.028177
0 0.558365 0.087511 0.083714 0.031253
0 0.046695 0.087899 0.014082 0.028536
0 0.212444 0.087637 0.015234 0.031816
0 0.094327 0.088372 0.015095 0.028548
0 0.022965 0.087782 0.014472 0.028209
1 0.025606 0.594004 0.012295 0.023317
0 0.891036 0.088564 0.015912 0.031102
1 0.025337 0.360998 0.012710 0.023723
1 0.025058 0.635372 0.014204 0.025864
1 0.025466 0.750964 0.012613 0.025158
1 0.025493 0.902208 0.012221 0.025608
0 0.924109 0.022468 0.021716 0.040115
0 0.027054 0.022121 0.018853 0.036555
1 0.025597 0.478499 0.012765 0.026115
0 0.954307 0.023004 0.021201 0.039787
1 0.018317 0.478946 0.003300 0.023262
1 0.021120 0.751103 0.007284 0.023086
0 0.985186 0.023460 0.020538 0.040932
1 0.019373 0.594765 0.004287 0.021502
1 0.025827 0.864835 0.011767 0.026881
1 0.017152 0.864074 0.004370 0.025290
1 0.023636 0.866261 0.011266 0.025239