1 0.030191 0.760584 0.011671 0.022722
1 0.030489 0.708821 0.011481 0.021428
1 0.030345 0.734019 0.011273 0.020889
1 0.030132 0.422687 0.011557 0.022037
1 0.030337 0.604988 0.011203 0.020538
1 0.030393 0.657014 0.011155 0.020214
1 0.030217 0.370542 0.011247 0.021260
1 0.920214 0.604243 0.011288 0.019885
1 0.519225 0.657346 0.010683 0.019933
1 0.030294 0.630880 0.011161 0.020306
0 0.975273 0.061865 0.035233 0.026574
1 0.030357 0.579112 0.011196 0.020817
1 0.518919 0.422378 0.010838 0.021531
1 0.030503 0.682618 0.011051 0.020819
0 0.046711 0.062727 0.047802 0.022866
1 0.920137 0.422188 0.011687 0.020728
1 0.920199 0.631095 0.011454 0.019712
1 0.518606 0.319121 0.010995 0.020407
1 0.030290 0.786912 0.011769 0.021493
1 0.030201 0.396381 0.011438 0.021587
1 0.518876 0.474488 0.011408 0.021026
1 0.518943 0.370268 0.010628 0.020500
1 0.519234 0.709146 0.010726 0.020800
1 0.920027 0.396290 0.011483 0.020154
1 0.920162 0.370349 0.011139 0.019688
1 0.519094 0.630424 0.010723 0.019968
1 0.519248 0.682622 0.010770 0.019915
0 0.185315 0.219805 0.145704 0.027006
1 0.030341 0.474194 0.012126 0.021561
1 0.519011 0.734475 0.010865 0.020429
1 0.518861 0.813057 0.011690 0.021572
1 0.941253 0.682548 0.011884 0.020411
1 0.030220 0.448956 0.011741 0.021709
1 0.030355 0.812519 0.012255 0.022150
0 0.064933 0.221217 0.087936 0.027239
1 0.497470 0.708387 0.011626 0.020587
0 0.148967 0.062367 0.022781 0.020971
1 0.497353 0.369775 0.011826 0.020672
1 0.717737 0.708884 0.011402 0.021237
1 0.497605 0.682185 0.011480 0.020400
1 0.519164 0.604087 0.010532 0.019872
1 0.717785 0.734277 0.011472 0.021168
1 0.518938 0.396379 0.010667 0.020822
1 0.920344 0.682579 0.010759 0.019424
1 0.920171 0.474472 0.011592 0.020694
1 0.941487 0.631655 0.012241 0.020869
1 0.941430 0.604779 0.012012 0.020336
1 0.941122 0.708909 0.011399 0.020844
1 0.941107 0.734137 0.011690 0.020862
1 0.717924 0.682688 0.011593 0.021232
1 0.717918 0.657189 0.011817 0.021210
1 0.920280 0.657457 0.011053 0.019528
1 0.920247 0.734361 0.011160 0.019845
1 0.497730 0.656843 0.011099 0.020012
0 0.179668 0.062164 0.027657 0.020560
1 0.717960 0.630435 0.012181 0.021445
1 0.941294 0.761236 0.011823 0.021444
1 0.920520 0.553461 0.011306 0.019804
1 0.920192 0.449014 0.011530 0.020956
1 0.518959 0.449228 0.010926 0.022059
1 0.717793 0.760843 0.012021 0.022599
0 0.103664 0.062500 0.055474 0.022909
1 0.718229 0.474244 0.012104 0.021331
1 0.941074 0.423423 0.011064 0.019593
1 0.920283 0.318685 0.011407 0.019910
1 0.030333 0.553035 0.011229 0.020949
1 0.030316 0.344564 0.010794 0.020826
1 0.920442 0.579039 0.011019 0.019088
1 0.941459 0.657754 0.011980 0.020623
1 0.940785 0.397509 0.010568 0.020452
1 0.519243 0.578960 0.010675 0.019435
0 0.343935 0.062385 0.058712 0.023875
1 0.497490 0.733950 0.011427 0.020875
1 0.920098 0.344017 0.010620 0.019861
1 0.920293 0.709091 0.011019 0.019786
1 0.497405 0.396031 0.011313 0.020781
2 0.489690 0.061485 0.028450 0.021961
1 0.518775 0.760756 0.011407 0.022336
1 0.518820 0.344423 0.010376 0.020541
1 0.940843 0.370556 0.010668 0.020137
1 0.717761 0.396249 0.011291 0.021407
1 0.030233 0.319132 0.011094 0.022222
0 0.220293 0.062671 0.040983 0.021783
0 0.277659 0.062119 0.062907 0.023052
1 0.718129 0.422614 0.011760 0.021786
1 0.519011 0.838449 0.011354 0.021857
1 0.920066 0.838384 0.011350 0.021246
1 0.718318 0.812721 0.012479 0.021448
1 0.718137 0.787639 0.011885 0.022083
1 0.518960 0.787954 0.011275 0.022633
1 0.941658 0.788377 0.011958 0.020928
1 0.717645 0.370249 0.011359 0.020958
1 0.030400 0.500727 0.011874 0.022966
1 0.941419 0.449766 0.011125 0.020440
1 0.941731 0.838337 0.012200 0.021120
4 0.121379 0.187195 0.027098 0.027253
1 0.920057 0.760634 0.011738 0.021167
4 0.190359 0.123035 0.165005 0.026822
1 0.941152 0.499948 0.011438 0.021014
1 0.718133 0.448964 0.011792 0.021835
1 0.718059 0.603709 0.011548 0.021115
1 0.920453 0.500157 0.011202 0.021322
1 0.030473 0.838366 0.012252 0.022383
1 0.497347 0.344350 0.012069 0.021046
1 0.941283 0.474570 0.011540 0.020021
0 0.407501 0.061726 0.057822 0.022206
1 0.497645 0.630638 0.011074 0.020261
1 0.941081 0.318347 0.011539 0.020197
1 0.920049 0.813052 0.011816 0.020943
1 0.718050 0.838609 0.011838 0.022656
1 0.920136 0.787636 0.011762 0.021113
1 0.497660 0.319276 0.013491 0.021105
1 0.941325 0.344042 0.010424 0.020190
1 0.920903 0.528095 0.011094 0.020694
1 0.518774 0.500196 0.011100 0.021493
1 0.497637 0.422219 0.011218 0.021698
1 0.941037 0.553718 0.011726 0.019970
1 0.941712 0.813253 0.012280 0.020484
1 0.497496 0.603839 0.011119 0.020789
1 0.519081 0.553414 0.010543 0.019599
1 0.029872 0.890410 0.011622 0.021972
1 0.030387 0.527623 0.011227 0.022091
1 0.717919 0.500647 0.011522 0.023515
1 0.941153 0.579839 0.011710 0.019317
1 0.497374 0.578648 0.011262 0.020369
1 0.718022 0.318313 0.013613 0.021500
4 0.431815 0.422121 0.070899 0.026796
1 0.717916 0.578745 0.011107 0.020439
1 0.717602 0.553060 0.010585 0.020635
4 0.431620 0.500788 0.070550 0.029066
4 0.431784 0.447923 0.070887 0.026686
4 0.153188 0.578052 0.140816 0.027337
4 0.153536 0.786936 0.142028 0.027146
4 0.431704 0.473655 0.070756 0.027627
4 0.154349 0.526581 0.142259 0.028395
0 0.455601 0.061922 0.027751 0.021512
1 0.920240 0.863630 0.011349 0.022546
4 0.153757 0.761190 0.142305 0.027404
1 0.497485 0.552886 0.011445 0.020940
4 0.431845 0.396526 0.070897 0.026252
4 0.153603 0.630479 0.141809 0.028941
4 0.153779 0.735103 0.142489 0.027029
4 0.431954 0.526443 0.070588 0.027020
1 0.497753 0.760642 0.011405 0.022096
4 0.153351 0.812076 0.141582 0.027156
1 0.941739 0.863634 0.012299 0.022697
4 0.153260 0.552501 0.141041 0.027464
1 0.717918 0.343468 0.011401 0.021871
1 0.519258 0.528033 0.010360 0.020845
4 0.153937 0.709458 0.142758 0.027776
4 0.153169 0.837777 0.141182 0.026794
4 0.153966 0.656913 0.142654 0.028668
4 0.154018 0.683200 0.142811 0.028242
1 0.518992 0.862889 0.011252 0.021132
1 0.717850 0.863056 0.011223 0.022668
4 0.153262 0.603630 0.141098 0.028438
4 0.431720 0.760712 0.070890 0.027241
4 0.431808 0.370665 0.070934 0.027175
1 0.497723 0.863529 0.011453 0.022506
4 0.431740 0.734593 0.070924 0.026772
1 0.941041 0.528302 0.011419 0.020964
4 0.431831 0.577099 0.070842 0.026737
1 0.717574 0.527697 0.010514 0.021627
4 0.153614 0.473861 0.141900 0.027827
4 0.153747 0.448228 0.142254 0.027388
4 0.431282 0.786930 0.070842 0.026902
1 0.030339 0.864071 0.012008 0.023513
4 0.153575 0.500597 0.141768 0.028927
1 0.497660 0.449055 0.010957 0.021976
4 0.431992 0.552842 0.071367 0.026857
4 0.154035 0.397035 0.142687 0.027053
1 0.497803 0.474660 0.011282 0.021531
4 0.153962 0.422553 0.142549 0.027363
4 0.431533 0.603767 0.071217 0.027957
4 0.431503 0.709628 0.071251 0.027092
4 0.431502 0.630493 0.071307 0.028289
4 0.154012 0.371325 0.142268 0.027575
4 0.154272 0.863400 0.142428 0.028192
4 0.431480 0.683178 0.071186 0.027798
4 0.431845 0.344077 0.070782 0.027625
4 0.431614 0.811722 0.070804 0.026750
4 0.155390 0.345214 0.142759 0.028771
1 0.497533 0.527508 0.011373 0.022078
4 0.431445 0.656977 0.071226 0.027716
1 0.497838 0.813060 0.011006 0.021492
4 0.756903 0.525779 0.056164 0.026604
4 0.431684 0.317928 0.070611 0.027012
1 0.497719 0.838602 0.011214 0.021969
1 0.497714 0.787960 0.010945 0.022085
1 0.497665 0.500729 0.011147 0.022680
4 0.806033 0.396077 0.042592 0.026031
4 0.155386 0.319105 0.141085 0.028471
4 0.072378 0.811833 0.022111 0.026502
4 0.805948 0.370271 0.042493 0.027176
4 0.756700 0.471783 0.055646 0.025925
4 0.805986 0.421757 0.042602 0.026754
4 0.806128 0.525913 0.042889 0.026739
4 0.431513 0.837761 0.070693 0.026782
4 0.072521 0.837753 0.022171 0.026233
4 0.757266 0.786670 0.057022 0.026177
1 0.920568 0.890115 0.010586 0.022002
4 0.757208 0.760408 0.056932 0.026635
4 0.072410 0.786356 0.022177 0.026221
4 0.431864 0.863099 0.070310 0.027212
4 0.756415 0.395673 0.056182 0.025546
4 0.072542 0.760461 0.022291 0.026393
4 0.805970 0.343926 0.042345 0.026414
4 0.756545 0.733811 0.056162 0.025700
4 0.756849 0.810455 0.055839 0.025231
4 0.756211 0.369707 0.056020 0.025754
4 0.756903 0.862624 0.056091 0.026775
4 0.756603 0.576695 0.056329 0.025992
4 0.805915 0.471682 0.043555 0.025847
4 0.072538 0.734403 0.022402 0.025468
4 0.806025 0.447445 0.043308 0.026593
4 0.756761 0.420819 0.055677 0.025909
4 0.805966 0.500424 0.042552 0.029516
4 0.756383 0.629685 0.056231 0.026649
4 0.072592 0.863654 0.022083 0.026250
4 0.756357 0.602545 0.056447 0.025792
4 0.806082 0.576236 0.043638 0.027220
4 0.756848 0.708050 0.055908 0.025114
4 0.757372 0.551915 0.057266 0.025954
4 0.757202 0.500274 0.056900 0.028760
4 0.806103 0.760618 0.043470 0.027286
4 0.756054 0.343343 0.055388 0.026908
0 0.959708 0.016385 0.015721 0.027433
4 0.757233 0.447730 0.056779 0.026152
4 0.756534 0.682126 0.055925 0.026322
4 0.757080 0.837668 0.057197 0.026743
0 0.033777 0.016500 0.014634 0.025201
4 0.806167 0.786368 0.043351 0.026832
0 0.936107 0.016364 0.015655 0.027407
4 0.756433 0.656472 0.055934 0.026194
4 0.757073 0.317935 0.055931 0.024976
4 0.310820 0.630160 0.172195 0.029792
1 0.941446 0.890293 0.011125 0.022038
4 0.806028 0.734378 0.043298 0.026582
4 0.311330 0.370994 0.171499 0.029776
4 0.806048 0.552232 0.043692 0.026089
4 0.806025 0.863282 0.042397 0.027041
4 0.310757 0.603588 0.172088 0.028643
4 0.072732 0.708860 0.022526 0.026363
4 0.806075 0.628703 0.043784 0.029232
0 0.983018 0.016564 0.015538 0.027720
4 0.310936 0.656771 0.172122 0.029476
4 0.310287 0.786575 0.171322 0.028849
4 0.805327 0.316629 0.042316 0.027042
4 0.310516 0.735481 0.171714 0.028129
4 0.310387 0.760931 0.171691 0.028716
4 0.072277 0.473960 0.021639 0.027083
4 0.310750 0.577861 0.173460 0.028117
4 0.806010 0.602432 0.043698 0.027212
4 0.310739 0.683222 0.172115 0.029688
4 0.311180 0.396526 0.171398 0.028610
4 0.806185 0.837292 0.043387 0.026590
4 0.806203 0.811623 0.043588 0.026702
4 0.310637 0.709746 0.172022 0.029588
1 0.717599 0.889575 0.011816 0.023075
4 0.310628 0.526453 0.173617 0.029092
4 0.155320 0.888922 0.143421 0.024766
4 0.311210 0.422116 0.171577 0.029222
4 0.310005 0.812312 0.171251 0.028651
4 0.073073 0.656158 0.021533 0.026066
4 0.806083 0.710125 0.043439 0.023622
4 0.072432 0.500615 0.021555 0.026933
0 0.051622 0.254715 0.029499 0.030921
0 0.094948 0.254715 0.043633 0.028543
0 0.141654 0.255904 0.035029 0.028543
4 0.072824 0.318341 0.022738 0.027353
4 0.072824 0.346289 0.020280 0.026164
4 0.072210 0.371264 0.021509 0.026164
4 0.072210 0.396833 0.020280 0.024975
4 0.072517 0.421808 0.019666 0.024975
4 0.072210 0.445593 0.020280 0.024975
4 0.072517 0.527653 0.019666 0.024975
4 0.072517 0.552628 0.018437 0.024975
4 0.072210 0.577603 0.019051 0.024975
4 0.071595 0.603767 0.019051 0.024975
4 0.071595 0.629336 0.019051 0.026164
4 0.072517 0.682259 0.019666 0.027353
4 0.072517 0.889192 0.020895 0.017839
4 0.310042 0.838648 0.170231 0.026164
4 0.310042 0.864217 0.171460 0.024975
4 0.312193 0.886814 0.168387 0.020218
4 0.311271 0.317152 0.169002 0.024975
4 0.310964 0.342127 0.168387 0.024975
4 0.310349 0.449161 0.170846 0.027353
4 0.308813 0.476514 0.171460 0.024975
4 0.309735 0.497327 0.173304 0.021407
4 0.309427 0.550844 0.171460 0.021407
4 0.806293 0.657879 0.044248 0.026164
4 0.806908 0.685232 0.040560 0.026164
4 0.431297 0.887284 0.068988 0.021177