4 0.239115 0.692175 0.038344 0.041979
0 0.597252 0.744080 0.020873 0.040637
4 0.211758 0.390227 0.143999 0.045350
0 0.620244 0.743870 0.022816 0.042081
4 0.582001 0.693104 0.040218 0.043992
0 0.582222 0.186860 0.023105 0.040784
4 0.212182 0.187229 0.145199 0.043354
4 0.179523 0.793701 0.085125 0.044102
0 0.301425 0.794352 0.022123 0.041600
4 0.262807 0.794214 0.054314 0.042915
4 0.210691 0.338613 0.144847 0.047128
0 0.529288 0.186918 0.022741 0.041367
4 0.172174 0.692756 0.070569 0.043268
0 0.612204 0.186790 0.024366 0.041829
0 0.558963 0.187136 0.023197 0.040667
0 0.635789 0.186729 0.021909 0.040933
0 0.893652 0.973442 0.072527 0.040156
4 0.578052 0.642335 0.032632 0.044528
4 0.577890 0.591183 0.030700 0.041907
4 0.156805 0.642459 0.039180 0.042271
4 0.156611 0.590875 0.038058 0.040747
4 0.401094 0.186807 0.239270 0.045522
2 0.120573 0.095853 0.038020 0.029856
0 0.973616 0.097503 0.050524 0.038259
0 0.966011 0.974227 0.059877 0.035128
2 0.050984 0.096213 0.084247 0.032903
2 0.217141 0.745322 0.158254 0.040486
0 0.574197 0.743860 0.023053 0.041542
0 0.245827 0.138529 0.095095 0.033072
0 0.045859 0.141080 0.031871 0.029255
0 0.131085 0.139708 0.099929 0.031425
0 0.371760 0.138629 0.128328 0.035185
0 0.022753 0.024517 0.020573 0.042398
0 0.916002 0.024652 0.023317 0.044138
0 0.950351 0.025346 0.023769 0.044715
0 0.983982 0.025279 0.021262 0.043563