1 0.022670 0.490846 0.010379 0.020007
1 0.022670 0.526414 0.010379 0.020007
1 0.022397 0.562537 0.009833 0.021118
1 0.021851 0.598661 0.009833 0.020007
1 0.021578 0.633673 0.009287 0.021118
1 0.407790 0.489734 0.010379 0.020007
0 0.019666 0.028465 0.021851 0.035568
0 0.045067 0.093487 0.075931 0.032233
0 0.159784 0.094043 0.138206 0.033345
0 0.303999 0.092931 0.139299 0.035568
0 0.976620 0.091820 0.046760 0.035568
0 0.923468 0.027353 0.018027 0.031122
0 0.954605 0.026797 0.022397 0.036679
0 0.985742 0.025130 0.023490 0.037791
0 0.157599 0.489734 0.016934 0.031122
0 0.023490 0.718146 0.019666 0.038902
0 0.058178 0.719258 0.020212 0.036679
0 0.079209 0.719258 0.018573 0.036679
0 0.100787 0.718702 0.019119 0.035568
0 0.135748 0.718146 0.020212 0.034456
0 0.156233 0.719258 0.017481 0.036679
0 0.191194 0.719258 0.019666 0.034456
0 0.211952 0.718146 0.018573 0.036679
0 0.233530 0.719258 0.020212 0.036679
4 0.444936 0.718146 0.040970 0.036679
0 0.902709 0.979347 0.065006 0.038902
0 0.970447 0.981015 0.056266 0.033345
4 0.090681 0.490290 0.115809 0.030010
4 0.091500 0.527525 0.117448 0.037791
4 0.091227 0.563093 0.119087 0.033345
4 0.090408 0.599772 0.118540 0.033345
4 0.090954 0.635340 0.117448 0.033345
4 0.496012 0.489179 0.040424 0.036679
4 0.496012 0.526969 0.039331 0.036679
4 0.495466 0.564205 0.039331 0.035568
4 0.496012 0.599217 0.040424 0.032233
4 0.495193 0.633117 0.039878 0.031122
4 0.436469 0.489734 0.020758 0.040014
4 0.435650 0.528081 0.020212 0.036679
4 0.435923 0.564205 0.021851 0.035568
4 0.436196 0.600328 0.021304 0.032233
4 0.436196 0.634784 0.022397 0.032233
4 0.280236 0.489734 0.226155 0.035568
4 0.270676 0.527525 0.240905 0.035568
4 0.270403 0.562537 0.239266 0.034456
4 0.269857 0.596994 0.241451 0.034456
4 0.270130 0.634784 0.241997 0.036679
4 0.145280 0.308716 0.028024 0.036012
4 0.275074 0.217684 0.285644 0.036012
2 0.394051 0.094642 0.034907 0.034012