0 0.141967 0.090114 0.028113 0.028706
4 0.220023 0.536640 0.088249 0.038450
0 0.181469 0.089280 0.034563 0.030378
4 0.275002 0.263869 0.279055 0.033213
4 0.145303 0.444855 0.022012 0.041629
0 0.073640 0.090132 0.093864 0.030513
4 0.213104 0.580975 0.075296 0.038737
0 0.967502 0.089803 0.044873 0.036507
4 0.151942 0.356521 0.034802 0.034583
4 0.185731 0.629594 0.019666 0.035826
2 0.223554 0.090038 0.035445 0.030338
0 0.420492 0.261835 0.016694 0.037823
4 0.141997 0.400813 0.015362 0.031201
0 0.916753 0.025805 0.020177 0.039392
0 0.039721 0.026132 0.019894 0.038251
0 0.947037 0.026585 0.020872 0.040331
0 0.977131 0.027361 0.020982 0.040813
0 0.038637 0.979091 0.013746 0.028638