0 0.119140 0.808679 0.147580 0.040320
0 0.367728 0.808414 0.148804 0.039043
4 0.229460 0.220715 0.215750 0.044182
0 0.118822 0.762033 0.147682 0.042713
0 0.367249 0.762119 0.146039 0.042217
4 0.306088 0.580260 0.283164 0.037768
0 0.119035 0.718192 0.145922 0.041636
0 0.134813 0.092313 0.063578 0.029362
1 0.273193 0.720973 0.013377 0.023479
0 0.054324 0.092613 0.083843 0.032243
4 0.525561 0.174115 0.049946 0.039224
2 0.274272 0.092117 0.035205 0.029766
4 0.153279 0.174015 0.063294 0.037571
2 0.281548 0.493319 0.236503 0.037887
2 0.485667 0.491280 0.160535 0.043111
4 0.305291 0.674734 0.283551 0.035848
0 0.365776 0.717784 0.148504 0.041781
0 0.470344 0.581794 0.034620 0.038654
0 0.896544 0.977871 0.063647 0.035794
1 0.273576 0.767173 0.014145 0.023612
0 0.963623 0.977568 0.056452 0.034595
4 0.181010 0.356887 0.034485 0.037627
4 0.173878 0.537449 0.021128 0.037205
4 0.318162 0.174147 0.035102 0.039194
4 0.304716 0.630018 0.282673 0.034488
0 0.968850 0.091857 0.046020 0.036045
1 0.396391 0.355768 0.012358 0.026463
1 0.273510 0.812484 0.014012 0.026163
2 0.211853 0.091819 0.075365 0.030441
4 0.195089 0.940596 0.061657 0.031168
1 0.024916 0.719121 0.015359 0.029498
1 0.024703 0.763882 0.015412 0.030921
0 0.917731 0.027443 0.020678 0.040753
0 0.025609 0.028336 0.019747 0.039118
0 0.948400 0.029099 0.021365 0.041239
0 0.978318 0.028882 0.021218 0.041637
1 0.025012 0.808784 0.015271 0.031132
1 0.217424 0.357470 0.011698 0.024115