0 0.960360 0.218302 0.043604 0.039479
2 0.388483 0.221084 0.145796 0.044252
2 0.694051 0.220145 0.143285 0.042328
2 0.236290 0.220307 0.142729 0.041361
4 0.518996 0.548954 0.065177 0.047345
4 0.640813 0.548597 0.051104 0.047568
4 0.583779 0.548990 0.067350 0.047152
4 0.518594 0.594482 0.065510 0.047427
4 0.518807 0.501587 0.065796 0.049410
4 0.583757 0.502201 0.066950 0.048863
4 0.389710 0.873719 0.068977 0.048879
4 0.389144 0.782503 0.068014 0.049055
4 0.518516 0.733614 0.066041 0.050230
0 0.883652 0.216366 0.093305 0.038820
4 0.389410 0.828507 0.068273 0.049100
4 0.697414 0.548683 0.065316 0.047213
4 0.957274 0.782024 0.067991 0.048864
4 0.518130 0.409057 0.067302 0.047251
4 0.583477 0.408786 0.066406 0.047581
4 0.696997 0.733844 0.065049 0.049875
4 0.518315 0.873246 0.065845 0.048423
4 0.892037 0.548566 0.066662 0.047461
4 0.957305 0.733618 0.067752 0.050271
4 0.697026 0.501530 0.065024 0.049204
4 0.640677 0.501881 0.050975 0.048727
4 0.640650 0.454405 0.051004 0.047207
4 0.518474 0.827902 0.065681 0.047556
0 0.801747 0.216597 0.047194 0.034124
4 0.583704 0.454845 0.067069 0.047716
4 0.957376 0.873538 0.066831 0.047938
4 0.891904 0.733603 0.066387 0.050361
4 0.826784 0.733804 0.065675 0.050169
4 0.891764 0.593903 0.065904 0.047425
4 0.640608 0.594724 0.050895 0.048444
4 0.389268 0.734031 0.068032 0.050630
4 0.891463 0.873085 0.066308 0.048021
4 0.891678 0.827538 0.066052 0.047815
4 0.518493 0.782308 0.066146 0.048813
4 0.583835 0.733735 0.067058 0.050537
4 0.583850 0.686109 0.066784 0.047235
4 0.518490 0.454537 0.065625 0.047575
4 0.826955 0.548740 0.066101 0.047033
0 0.727761 0.309298 0.016669 0.031191
4 0.957396 0.686220 0.067443 0.048010
4 0.640705 0.733800 0.051046 0.050633
4 0.892061 0.501700 0.066298 0.049143
0 0.755382 0.309844 0.016693 0.031600
4 0.697302 0.686778 0.065163 0.047530
4 0.956879 0.827817 0.067320 0.048451
4 0.583555 0.594540 0.067026 0.047622
4 0.640645 0.685743 0.051206 0.046552
4 0.891860 0.781868 0.066761 0.048784
4 0.697226 0.594380 0.065289 0.047320
4 0.388968 0.686688 0.068118 0.047229
4 0.826372 0.686316 0.065520 0.047529
4 0.761954 0.548730 0.066823 0.047216
4 0.457628 0.828234 0.056745 0.048205
4 0.826907 0.501947 0.065846 0.049092
2 0.054753 0.096630 0.091265 0.039166
4 0.956934 0.593357 0.066919 0.047872
4 0.640888 0.782487 0.051323 0.048711
4 0.891563 0.686079 0.066357 0.047481
4 0.583638 0.640191 0.066930 0.048613
4 0.761517 0.733666 0.066907 0.050067
4 0.826918 0.594175 0.066319 0.048784
4 0.583903 0.873714 0.066735 0.048365
4 0.518515 0.686524 0.065925 0.047501
4 0.390129 0.641419 0.068477 0.049000
0 0.491785 0.265747 0.018832 0.036258
4 0.640415 0.408516 0.050004 0.047169
4 0.761455 0.686418 0.067144 0.047613
4 0.457555 0.873657 0.056590 0.048181
4 0.457701 0.733673 0.056966 0.050284
4 0.457737 0.594990 0.056456 0.048361
0 0.512937 0.265261 0.018888 0.037244
4 0.640427 0.828010 0.050585 0.048105
4 0.640533 0.873347 0.050727 0.048211
4 0.457602 0.782485 0.057204 0.049418
4 0.761970 0.640499 0.066850 0.048678
4 0.456641 0.687031 0.057663 0.047018
4 0.957089 0.548435 0.067274 0.047055
4 0.583850 0.782561 0.067271 0.048555
4 0.457647 0.548722 0.057373 0.048905
4 0.762104 0.873419 0.067536 0.048778
4 0.518131 0.639943 0.066714 0.049397
4 0.696668 0.827640 0.065383 0.048662
4 0.457634 0.454621 0.056647 0.047445
4 0.697409 0.782092 0.065202 0.048287
4 0.697302 0.454663 0.065220 0.047014
4 0.331750 0.828302 0.049896 0.047904
4 0.957151 0.919191 0.067609 0.049646
4 0.826793 0.782194 0.065971 0.048646
4 0.762033 0.594594 0.066514 0.047901
4 0.826519 0.827846 0.066147 0.048512
4 0.891768 0.640185 0.066312 0.048696
4 0.957274 0.640033 0.067195 0.048762
4 0.826690 0.454431 0.065798 0.047569
4 0.640644 0.640313 0.050739 0.047968
4 0.331795 0.782555 0.050020 0.049270
4 0.762136 0.502143 0.066913 0.048626
4 0.538225 0.220066 0.136099 0.042008
4 0.457851 0.502054 0.056667 0.048957
4 0.389444 0.549372 0.068311 0.047478
4 0.696644 0.640549 0.065935 0.048541
4 0.891750 0.408578 0.067021 0.047640
4 0.761916 0.781946 0.066947 0.048289
4 0.331347 0.734482 0.050458 0.048928
0 0.601827 0.219609 0.019134 0.037826
4 0.696951 0.873522 0.065742 0.048579
4 0.761679 0.828167 0.066550 0.048355
4 0.331898 0.686881 0.050105 0.046860
4 0.583876 0.828493 0.066944 0.048072
4 0.891739 0.454451 0.066471 0.047740
0 0.583890 0.305388 0.040898 0.032961
4 0.388988 0.920738 0.068152 0.049956
4 0.389536 0.594430 0.067950 0.048827
4 0.331287 0.549308 0.050503 0.046830
4 0.826638 0.873680 0.065639 0.048534
4 0.957191 0.501775 0.067174 0.049293
4 0.331236 0.594938 0.050600 0.047475
0 0.143537 0.219699 0.019844 0.037044
4 0.331630 0.873379 0.049606 0.048129
4 0.826432 0.640759 0.065784 0.049253
4 0.389371 0.409270 0.067610 0.046014
4 0.331403 0.502690 0.050552 0.047793
4 0.640812 0.920191 0.050833 0.049908
4 0.457630 0.641081 0.056474 0.048455
0 0.531698 0.307376 0.043613 0.030609
4 0.761907 0.454689 0.067131 0.047296
4 0.891638 0.920405 0.066289 0.050678
4 0.331318 0.455197 0.050436 0.046475
4 0.518234 0.920599 0.066223 0.050020
0 0.787849 0.310630 0.016926 0.032115
4 0.583838 0.920436 0.066639 0.048470
0 0.662574 0.306675 0.094251 0.038813
4 0.697099 0.409075 0.066047 0.046771
4 0.388935 0.455123 0.067133 0.046028
4 0.826926 0.408620 0.066263 0.047728
4 0.457991 0.408324 0.056016 0.046592
2 0.208018 0.027728 0.220379 0.042939
1 0.024489 0.359825 0.015764 0.034010
4 0.331962 0.641205 0.049896 0.048417
4 0.761817 0.920329 0.066889 0.048585
4 0.389346 0.502621 0.067761 0.049505
4 0.696935 0.920474 0.065499 0.048827
4 0.761533 0.409262 0.066815 0.046419
0 0.808335 0.310803 0.017019 0.033865
4 0.826507 0.920576 0.065704 0.049153
4 0.456858 0.921476 0.058527 0.050405
4 0.331563 0.920768 0.049918 0.048959
4 0.957172 0.454661 0.067112 0.047557
0 0.942692 0.089969 0.100618 0.039246
4 0.331659 0.409628 0.050430 0.045725
4 0.082077 0.220045 0.140436 0.040362
0 0.975671 0.310257 0.019529 0.024982
0 0.947878 0.308812 0.014999 0.028877
0 0.979246 0.026297 0.019405 0.038650
0 0.918612 0.025121 0.021799 0.039251
0 0.025868 0.024797 0.019569 0.036311
0 0.949687 0.026088 0.021669 0.039087
4 0.957112 0.408470 0.066641 0.048440