4 0.427406 0.160599 0.084630 0.044332
0 0.129478 0.181206 0.023108 0.045962
0 0.008936 0.180997 0.017872 0.043903
4 0.541597 0.211204 0.306249 0.046219
4 0.500280 0.511353 0.086378 0.043255
0 0.420207 0.916156 0.020636 0.039406
4 0.758377 0.412921 0.084651 0.043461
0 0.080054 0.181434 0.019347 0.043511
0 0.031218 0.181652 0.019972 0.043045
4 0.499587 0.461843 0.084147 0.043370
5 0.510823 0.536330 0.370410 0.481150
0 0.896712 0.973699 0.071617 0.039900
0 0.064653 0.102456 0.085463 0.032142
0 0.269386 0.915787 0.020469 0.038873
4 0.563578 0.461685 0.046145 0.043764
0 0.660496 0.103258 0.087977 0.033039
4 0.490916 0.161529 0.044915 0.044356
0 0.247233 0.915755 0.020523 0.039914
0 0.397593 0.916378 0.022153 0.039477
0 0.525149 0.160728 0.023110 0.042900
0 0.599793 0.746353 0.028744 0.031482
0 0.326774 0.102194 0.099750 0.033047
0 0.286576 0.315782 0.057131 0.038406
0 0.553110 0.102647 0.110343 0.033627
0 0.969507 0.974274 0.060289 0.035681
0 0.191966 0.103488 0.153516 0.034355
0 0.291792 0.915230 0.020980 0.040181
0 0.974960 0.102646 0.048970 0.035743
2 0.822624 0.102141 0.038938 0.031569
1 0.464691 0.612729 0.014942 0.030192
2 0.753457 0.103002 0.083547 0.034529
0 0.653494 0.747745 0.059309 0.034832
4 0.765085 0.462191 0.100344 0.044508
0 0.439101 0.102700 0.106842 0.033625
0 0.374659 0.915946 0.021788 0.040338
0 0.549140 0.511157 0.017341 0.039456
2 0.050159 0.181600 0.019469 0.043565
0 0.680336 0.323621 0.018456 0.034106
2 0.098782 0.181407 0.020169 0.044088
1 0.359849 0.843819 0.013698 0.030397
0 0.035134 0.029041 0.021340 0.043318
0 0.919178 0.029967 0.022428 0.042690
0 0.952039 0.031630 0.023372 0.043745
0 0.986258 0.030610 0.024271 0.045062
4 0.764919 0.512950 0.100623 0.043964
1 0.253777 0.802722 0.017314 0.035205
4 0.935077 0.917142 0.047452 0.043650
1 0.253241 0.764059 0.016988 0.033286
1 0.254141 0.842720 0.011346 0.021403
1 0.360222 0.804670 0.011346 0.023781