0 0.367215 0.077270 0.024267 0.028050
0 0.606205 0.076247 0.025498 0.028495
0 0.633563 0.075967 0.025740 0.027646
4 0.256439 0.367516 0.114291 0.031312
0 0.669039 0.075703 0.024509 0.026642
4 0.224375 0.333999 0.051933 0.032626
0 0.276629 0.077071 0.026632 0.027745
0 0.696316 0.074788 0.022419 0.025562
4 0.224642 0.401650 0.051448 0.032880
2 0.143985 0.078021 0.178031 0.032695
0 0.312748 0.077342 0.025106 0.027748
0 0.456146 0.076086 0.026828 0.029883
0 0.401262 0.076197 0.026064 0.029592
0 0.339996 0.077811 0.022849 0.027063
0 0.517801 0.075303 0.024581 0.028969
0 0.544350 0.075452 0.022723 0.028603
0 0.427943 0.076303 0.022523 0.030087
0 0.489299 0.075440 0.027573 0.029117
0 0.571935 0.075632 0.027405 0.028926
0 0.220597 0.181720 0.120543 0.027034
0 0.083876 0.181295 0.110627 0.025860
0 0.250322 0.077150 0.021377 0.025875
0 0.028905 0.974651 0.020006 0.023155
0 0.034512 0.076946 0.023399 0.027932
0 0.023314 0.025937 0.019401 0.022271