0 0.233535 0.914310 0.021537 0.036460
0 0.179193 0.914430 0.021012 0.035700
4 0.165774 0.336750 0.075571 0.031126
0 0.049757 0.915313 0.020954 0.034798
0 0.116946 0.914794 0.020409 0.035954
0 0.287597 0.914378 0.020561 0.035684
0 0.212282 0.914536 0.021221 0.036105
0 0.201034 0.078092 0.017250 0.029128
4 0.165843 0.303087 0.075615 0.032501
0 0.178803 0.077465 0.017871 0.030176
0 0.219753 0.078075 0.016359 0.028900
0 0.147892 0.914310 0.040667 0.035355
0 0.091334 0.914845 0.020639 0.035206
0 0.070271 0.914838 0.020093 0.033897
0 0.410254 0.077828 0.017012 0.028620
0 0.023289 0.915276 0.022455 0.037363
2 0.093371 0.078331 0.116546 0.035150
4 0.165441 0.370712 0.074932 0.032435
0 0.266402 0.914472 0.021241 0.036722
0 0.391840 0.078225 0.017474 0.028861
0 0.060462 0.236728 0.057182 0.030597
0 0.433017 0.077143 0.016284 0.028394
0 0.161416 0.077439 0.015105 0.029912
0 0.259223 0.077715 0.017177 0.030394
0 0.118574 0.181433 0.081068 0.026584
4 0.184389 0.405839 0.117711 0.033499
4 0.317015 0.302606 0.041366 0.032682
2 0.223269 0.673127 0.053547 0.032055
0 0.315740 0.076547 0.016871 0.030109
4 0.588246 0.337557 0.216883 0.035306
1 0.042459 0.738020 0.024247 0.032226
4 0.215929 0.440120 0.178035 0.033846
0 0.113207 0.237718 0.048000 0.031359
1 0.042481 0.770266 0.025070 0.031854
0 0.166272 0.237120 0.058419 0.032472
0 0.294543 0.077082 0.017757 0.031487
4 0.623466 0.438394 0.147093 0.032721
0 0.944813 0.012985 0.013052 0.024650
2 0.223724 0.705688 0.052834 0.032779
1 0.794161 0.674329 0.012168 0.025839
2 0.223663 0.769059 0.052344 0.031169
0 0.368461 0.077749 0.016735 0.029452
0 0.040112 0.181283 0.051055 0.026290
1 0.042199 0.705677 0.023779 0.031291
0 0.451307 0.076344 0.014659 0.027985
1 0.794064 0.706064 0.012281 0.024744
0 0.333762 0.076785 0.015974 0.029583
0 0.277175 0.077619 0.015148 0.030821
1 0.794319 0.770239 0.012546 0.026255
0 0.021600 0.076600 0.016126 0.031007
4 0.514017 0.437456 0.069029 0.031413
1 0.794010 0.736911 0.012386 0.028139
0 0.237731 0.077973 0.015438 0.029149
1 0.042719 0.801749 0.025362 0.030433
2 0.224341 0.831425 0.052785 0.032942
0 0.959362 0.012725 0.012974 0.024616
1 0.042860 0.832459 0.024819 0.030275
2 0.223950 0.737738 0.052716 0.033826
0 0.930493 0.012867 0.013924 0.025417
1 0.794230 0.802412 0.012681 0.024175
4 0.353003 0.738226 0.206807 0.033919
4 0.354247 0.673533 0.205353 0.032760
2 0.224106 0.800526 0.052581 0.033709
0 0.351957 0.077507 0.014552 0.029048
4 0.352791 0.769674 0.208577 0.032730
0 0.979171 0.986166 0.015784 0.025704
1 0.042054 0.673438 0.023288 0.031301
4 0.355526 0.704931 0.208092 0.031955
0 0.953020 0.985777 0.017482 0.026582
4 0.353542 0.831848 0.208885 0.032281
4 0.354102 0.801163 0.208710 0.034168
0 0.463980 0.861457 0.012368 0.023772
4 0.562194 0.673584 0.203822 0.032341
0 0.015524 0.028096 0.015578 0.025081
0 0.478358 0.861386 0.014734 0.024231
1 0.794373 0.831655 0.012467 0.025142
4 0.560109 0.737533 0.208768 0.034899
0 0.491855 0.861724 0.011274 0.024117
4 0.560697 0.769555 0.207563 0.032697
0 0.800672 0.986240 0.012931 0.023276
4 0.560969 0.801277 0.207049 0.031738
4 0.562093 0.705206 0.204023 0.032515
0 0.347612 0.077298 0.020449 0.029591
1 0.025423 0.472437 0.009703 0.017823
4 0.560860 0.831860 0.208042 0.029704