4 0.479362 0.343564 0.130967 0.046162
4 0.199287 0.342295 0.084388 0.042414
2 0.238153 0.189947 0.144211 0.044832
2 0.219489 0.100891 0.037890 0.033320
4 0.283021 0.696766 0.313115 0.046272
4 0.192088 0.848098 0.129621 0.043476
4 0.275111 0.848023 0.038624 0.043079
4 0.199842 0.391978 0.084806 0.043551
2 0.084832 0.189222 0.146678 0.044739
4 0.513243 0.392229 0.199027 0.045377
4 0.684820 0.847960 0.084674 0.042731
4 0.729335 0.796796 0.039567 0.045024
0 0.915531 0.101187 0.059076 0.034722
4 0.593367 0.796834 0.233925 0.043614
4 0.244911 0.797313 0.237316 0.046245
4 0.381197 0.797048 0.038980 0.044417
0 0.903158 0.975630 0.080788 0.040803
0 0.976134 0.100699 0.047481 0.034827
2 0.168558 0.443461 0.144890 0.043253
0 0.081352 0.597155 0.043804 0.036909
0 0.024489 0.593676 0.022527 0.042371
4 0.282763 0.748656 0.315390 0.045530
2 0.149895 0.100650 0.083911 0.034641
0 0.025039 0.291088 0.023635 0.043414
0 0.087136 0.292926 0.057655 0.041028
0 0.056697 0.100837 0.087463 0.034236
0 0.974810 0.974921 0.049228 0.036188
4 0.539202 0.848446 0.131375 0.043053
4 0.623799 0.848039 0.038644 0.041945
4 0.869985 0.190454 0.030743 0.043554
4 0.892889 0.190916 0.017001 0.044206
1 0.080448 0.443151 0.015939 0.032843
0 0.140487 0.596722 0.040762 0.040293
0 0.144135 0.291197 0.017335 0.036079
0 0.042543 0.443291 0.014633 0.033028
0 0.200163 0.596592 0.051511 0.039326
0 0.028346 0.029615 0.023038 0.042945
0 0.952470 0.029275 0.023830 0.046448
0 0.986339 0.028934 0.023088 0.046148
0 0.919262 0.029791 0.023289 0.042986
0 0.252414 0.591461 0.027487 0.043339