0 0.380314 0.236083 0.022071 0.042134
0 0.261527 0.236122 0.024181 0.044617
0 0.180411 0.177553 0.022140 0.042817
0 0.067715 0.236326 0.022467 0.043241
0 0.600560 0.177847 0.020610 0.044011
0 0.206343 0.177418 0.022625 0.043970
0 0.218621 0.236254 0.020553 0.042788
0 0.119094 0.236916 0.022059 0.042368
0 0.079456 0.178158 0.018944 0.042689
0 0.029352 0.177172 0.022734 0.045110
0 0.144671 0.236381 0.021523 0.042051
0 0.154985 0.176894 0.022674 0.043023
1 0.029655 0.339661 0.017343 0.036614
1 0.029038 0.538669 0.015670 0.031267
0 0.405859 0.236127 0.022133 0.043663
0 0.170096 0.236728 0.019962 0.041634
1 0.029315 0.458605 0.016356 0.033802
0 0.331430 0.235878 0.020807 0.043319
1 0.029358 0.379383 0.016715 0.034346
0 0.128217 0.177350 0.023743 0.045370
0 0.034700 0.235616 0.023696 0.044873
0 0.377238 0.176941 0.048517 0.041925
0 0.094219 0.236614 0.021744 0.042695
0 0.896245 0.974427 0.070491 0.041275
2 0.254674 0.101547 0.038096 0.032143
1 0.148353 0.536608 0.013794 0.032402
0 0.465859 0.178845 0.120344 0.043899
0 0.174096 0.102711 0.107472 0.033286
0 0.554491 0.178188 0.049459 0.044555
1 0.029413 0.418982 0.016604 0.035220
1 0.029460 0.497749 0.016466 0.035058
0 0.974451 0.101871 0.049602 0.036957
0 0.065026 0.102104 0.091133 0.033292
0 0.969640 0.975278 0.059804 0.035787
4 0.527211 0.418940 0.139949 0.041229
4 0.527603 0.339785 0.137645 0.043410
4 0.527241 0.536958 0.140000 0.043458
4 0.527285 0.380113 0.139906 0.042061
1 0.148484 0.458223 0.013251 0.031961
4 0.528508 0.458445 0.143095 0.042729
4 0.527421 0.576850 0.140819 0.043993
4 0.675596 0.458408 0.155845 0.042791
4 0.675098 0.497206 0.155603 0.041456
4 0.526998 0.497269 0.140673 0.041243
2 0.300436 0.236142 0.033203 0.045033
1 0.029461 0.576487 0.016566 0.035159
4 0.919598 0.458315 0.160804 0.042191
4 0.675529 0.380142 0.156039 0.042211
4 0.676141 0.339988 0.157502 0.043100
4 0.674630 0.536851 0.155481 0.043609
2 0.349991 0.235937 0.018406 0.042493
4 0.675666 0.419018 0.157782 0.041289
4 0.796190 0.536465 0.088744 0.042829
4 0.919084 0.418867 0.159315 0.041310
4 0.918813 0.380723 0.158628 0.041887
4 0.796309 0.576448 0.088866 0.042870
0 0.055962 0.177039 0.023605 0.041337
4 0.795892 0.458007 0.089049 0.041156
4 0.919450 0.536586 0.161099 0.042390
4 0.674779 0.576493 0.155677 0.043561
4 0.795457 0.496995 0.087840 0.040800
1 0.148436 0.379872 0.013180 0.032282
4 0.919901 0.496681 0.160198 0.041601
1 0.148513 0.575691 0.013884 0.033278
4 0.918506 0.340029 0.161158 0.044382
4 0.919800 0.575897 0.160400 0.043316
0 0.188355 0.236703 0.018048 0.042384
0 0.290597 0.178196 0.111858 0.039452
4 0.796738 0.380337 0.087543 0.041227
4 0.796279 0.419328 0.088621 0.040516
4 0.101383 0.536067 0.028376 0.040624
2 0.618933 0.177908 0.018187 0.044498
4 0.198111 0.457341 0.036174 0.040761
4 0.198125 0.535698 0.036178 0.041313
4 0.198020 0.379067 0.036088 0.040181
1 0.148512 0.497533 0.013334 0.032659
0 0.543768 0.178478 0.028150 0.043212
4 0.101453 0.575732 0.027779 0.041532
4 0.197988 0.496565 0.035843 0.040184
4 0.198060 0.418218 0.036288 0.041065
4 0.796452 0.340263 0.089675 0.041672
4 0.101854 0.497310 0.028132 0.040313
0 0.033252 0.028447 0.022074 0.043959
4 0.197717 0.340215 0.035797 0.041141
0 0.237954 0.177567 0.018765 0.042116
4 0.198117 0.575674 0.036070 0.042383
1 0.148507 0.418900 0.012990 0.032697
0 0.618999 0.177258 0.019480 0.044191
2 0.237560 0.236470 0.018480 0.042606
4 0.101566 0.457964 0.028374 0.040639
0 0.919165 0.029872 0.022488 0.043482
0 0.952030 0.031925 0.023488 0.044282
0 0.985923 0.031115 0.024165 0.044769
2 0.097969 0.178002 0.018859 0.043488
4 0.372046 0.889948 0.170913 0.046885
4 0.101823 0.379313 0.026913 0.039222
4 0.101987 0.339537 0.025460 0.042874
1 0.148517 0.340823 0.013520 0.024867
4 0.101401 0.416709 0.026631 0.041159