0 0.488167 0.101278 0.123424 0.035336
0 0.308109 0.101283 0.082297 0.035374
0 0.387763 0.100707 0.062873 0.034728
2 0.577007 0.100056 0.039999 0.033777
0 0.062389 0.100888 0.092860 0.034397
0 0.187544 0.100759 0.143840 0.036315
0 0.974926 0.101197 0.050148 0.039583
0 0.112140 0.384546 0.108883 0.028649
0 0.115954 0.424526 0.119516 0.032370
0 0.089349 0.344790 0.070554 0.026467
0 0.121827 0.502718 0.134427 0.032700
0 0.029409 0.029262 0.022109 0.044169
0 0.952383 0.030587 0.024164 0.044878
0 0.986579 0.029221 0.023809 0.045217
0 0.919312 0.029554 0.023017 0.043802
0 0.083292 0.305806 0.055229 0.026289
0 0.080163 0.265227 0.051153 0.026695
0 0.069169 0.185722 0.031533 0.026617
0 0.071458 0.226180 0.032042 0.028746
0 0.070695 0.456681 0.034584 0.027681
0 0.080104 0.544516 0.053403 0.028746
0 0.115960 0.580182 0.127149 0.025552
0 0.071458 0.619043 0.032042 0.028746