5 0.507148 0.537251 0.718554 0.889231
4 0.336150 0.310671 0.085605 0.038998
4 0.365438 0.664185 0.037270 0.040888
4 0.414500 0.866466 0.136375 0.039628
4 0.447982 0.212281 0.309458 0.042060
0 0.212794 0.563445 0.034355 0.038581
4 0.313087 0.359927 0.038921 0.041367
4 0.312878 0.460691 0.037998 0.038104
0 0.046559 0.100763 0.062386 0.031876
4 0.312972 0.410514 0.038871 0.041036
4 0.679727 0.865126 0.030633 0.039301
0 0.117591 0.101404 0.061972 0.031736
0 0.323125 0.562543 0.039084 0.039402
4 0.358167 0.814237 0.022913 0.039939
0 0.384730 0.311510 0.017670 0.036885
0 0.268006 0.561209 0.038158 0.037959
0 0.975041 0.101117 0.048799 0.035932
0 0.397732 0.563042 0.077287 0.039060
0 0.826838 0.945256 0.028477 0.029548
4 0.362066 0.904540 0.031152 0.025936
0 0.851678 0.122249 0.016545 0.033278
4 0.679358 0.906454 0.030948 0.027996
0 0.501427 0.563388 0.097094 0.039426
0 0.951671 0.029878 0.023420 0.043618
0 0.029439 0.029112 0.021603 0.043123
0 0.918695 0.029492 0.023076 0.042085
0 0.985667 0.029792 0.023362 0.046008
0 0.953597 0.190254 0.012480 0.024503
0 0.972317 0.194601 0.012102 0.012647
0 0.022691 0.191835 0.013615 0.026084
0 0.062401 0.192625 0.053702 0.026084
0 0.127638 0.191439 0.038197 0.025294
0 0.598165 0.562526 0.067737 0.042244