1 0.021018 0.904159 0.009587 0.021308
2 0.960914 0.101553 0.033923 0.032672
2 0.221976 0.101553 0.123894 0.035514
2 0.377212 0.100133 0.142330 0.029831
2 0.524705 0.100133 0.115782 0.029831
0 0.036504 0.029816 0.015487 0.028411
0 0.037979 0.098002 0.039086 0.036934
0 0.108407 0.098712 0.070796 0.024149
0 0.894912 0.026975 0.022861 0.039775
0 0.929572 0.026975 0.022861 0.039775
0 0.963496 0.026265 0.021386 0.044037
0 0.897493 0.281962 0.082596 0.038355
0 0.763643 0.283383 0.158555 0.041196
0 0.647493 0.284093 0.050147 0.036934
0 0.571165 0.284093 0.078909 0.042616
0 0.378687 0.284803 0.139381 0.044037
0 0.491888 0.281962 0.061947 0.044037
0 0.085546 0.286224 0.120944 0.044037
0 0.227139 0.286224 0.144543 0.044037
4 0.203909 0.397736 0.034661 0.039775
4 0.217920 0.443194 0.064159 0.034093
4 0.221239 0.491492 0.069322 0.036934
4 0.189897 0.605135 0.040560 0.036934
4 0.189159 0.654144 0.042035 0.035514
4 0.206121 0.699601 0.077434 0.035514
4 0.213127 0.748610 0.088496 0.036934
4 0.713864 0.396316 0.042773 0.034093
4 0.713496 0.443194 0.042035 0.034093
4 0.738201 0.605135 0.042773 0.036934
4 0.761431 0.654144 0.086283 0.038355
4 0.830383 0.654144 0.041298 0.035514
4 0.794985 0.701022 0.156342 0.032672
4 0.760693 0.747900 0.087758 0.038355
0 0.024582 0.964503 0.030255 0.037881