1 0.040606 0.515174 0.017738 0.036137
0 0.276355 0.408754 0.023787 0.044601
0 0.521954 0.407989 0.024679 0.044626
0 0.495261 0.408287 0.023055 0.044784
0 0.309530 0.408365 0.023797 0.045647
0 0.158073 0.408536 0.022884 0.044954
0 0.132007 0.408869 0.022403 0.044681
0 0.105614 0.408547 0.023276 0.043933
0 0.548325 0.407855 0.022563 0.044504
0 0.018878 0.759491 0.023705 0.045393
0 0.462503 0.408636 0.023958 0.044535
0 0.696657 0.408289 0.022455 0.044543
0 0.019021 0.403359 0.023994 0.045020
0 0.079710 0.408502 0.022149 0.044665
0 0.046804 0.406707 0.024336 0.047216
0 0.485508 0.759798 0.024321 0.043372
0 0.190477 0.097282 0.030697 0.032013
1 0.040934 0.555629 0.017416 0.035810
2 0.698969 0.097348 0.038598 0.032535
0 0.978366 0.097993 0.043268 0.035375
0 0.183904 0.408865 0.021021 0.044273
0 0.442061 0.097387 0.025388 0.030185
0 0.255704 0.097264 0.082281 0.033668
0 0.625629 0.409442 0.112253 0.043644
2 0.628840 0.096574 0.084788 0.033137
2 0.342260 0.408653 0.033452 0.045145
0 0.086360 0.098018 0.158026 0.036138
0 0.939423 0.098104 0.017978 0.034895
0 0.091972 0.864623 0.077193 0.039980
0 0.364661 0.097957 0.112449 0.033719
0 0.520984 0.097771 0.115011 0.033265
1 0.040757 0.595447 0.018477 0.036648
2 0.380616 0.409047 0.032712 0.044848
2 0.297803 0.148117 0.125405 0.041704
4 0.067572 0.555017 0.036640 0.040078
2 0.299703 0.760223 0.300913 0.047201
0 0.501967 0.863612 0.046028 0.036324
4 0.147120 0.555294 0.037678 0.041449
4 0.331584 0.917233 0.316295 0.046644
0 0.196897 0.863184 0.095444 0.037388
4 0.067779 0.594773 0.036742 0.040506
0 0.445708 0.863646 0.036053 0.035375
0 0.646907 0.863586 0.104560 0.035801
4 0.147134 0.594956 0.037412 0.041831
4 0.896782 0.513392 0.058896 0.045062
4 0.068011 0.513748 0.035779 0.043505
0 0.559835 0.863703 0.038158 0.035964
4 0.147794 0.513232 0.038178 0.044634
4 0.770030 0.917185 0.284736 0.047034
0 0.232706 0.408746 0.019482 0.043162
0 0.375360 0.863315 0.071805 0.035161
2 0.251364 0.408838 0.019150 0.043410
4 0.182118 0.513578 0.034566 0.044077
0 0.291994 0.862681 0.065096 0.036327
0 0.412290 0.408689 0.022329 0.044178
0 0.489457 0.914394 0.017524 0.041067
4 0.182253 0.555471 0.035853 0.041620
4 0.896743 0.556038 0.059517 0.041279
2 0.202886 0.408821 0.017975 0.043355
2 0.429902 0.408575 0.019445 0.044110
0 0.509198 0.760142 0.022580 0.043825
0 0.989245 0.025700 0.021044 0.044429
0 0.752815 0.862994 0.077825 0.035309
4 0.182311 0.595917 0.035837 0.041905
4 0.106535 0.513840 0.043226 0.043076
0 0.022582 0.025119 0.021112 0.043896
0 0.956272 0.026448 0.024728 0.045170
0 0.922463 0.025531 0.023118 0.043978
4 0.106711 0.555319 0.043872 0.040996
4 0.106146 0.595470 0.043559 0.041282
4 0.896587 0.595775 0.059291 0.041303
4 0.015561 0.554227 0.031122 0.040895