0 0.023009 0.020413 0.014159 0.031981
0 0.052802 0.090525 0.084366 0.029521
0 0.159587 0.092986 0.118584 0.034441
0 0.917994 0.021028 0.017699 0.033211
0 0.948673 0.021028 0.018879 0.038132
0 0.982006 0.021643 0.018289 0.034441
0 0.934218 0.089295 0.018289 0.034441
0 0.971386 0.087450 0.046608 0.033211
0 0.290560 0.261503 0.116224 0.036902
0 0.341593 0.169864 0.015339 0.033211
0 0.393805 0.167404 0.018289 0.035671
0 0.415044 0.169249 0.018289 0.034441
0 0.435398 0.168019 0.020059 0.034441
0 0.456047 0.167404 0.018879 0.035671
0 0.476991 0.168019 0.018289 0.034441
0 0.511504 0.445395 0.020059 0.038132
0 0.055457 0.356831 0.057817 0.038132
0 0.130383 0.355601 0.062537 0.040592
0 0.188496 0.354371 0.027729 0.043052
0 0.243068 0.354986 0.057817 0.041822
0 0.314749 0.354986 0.063127 0.041822
2 0.262242 0.091756 0.073746 0.031981
2 0.324484 0.091756 0.035398 0.029521
2 0.203245 0.722772 0.151622 0.036902
2 0.235103 0.491522 0.212979 0.036902
2 0.203835 0.537034 0.150442 0.034441
4 0.235398 0.166789 0.228909 0.034441
4 0.165192 0.214761 0.088496 0.036902
4 0.166077 0.260888 0.089086 0.035671
4 0.234808 0.444780 0.212389 0.039362
4 0.141298 0.585006 0.026549 0.036902
4 0.137758 0.813795 0.019469 0.034441
4 0.138053 0.861152 0.020059 0.035671
4 0.151622 0.907894 0.047198 0.038132
3 0.367847 0.720311 0.012389 0.024601
3 0.367847 0.767668 0.012389 0.023371
1 0.368142 0.860537 0.011799 0.024601
1 0.368142 0.906664 0.010619 0.018451
1 0.368142 0.950946 0.011799 0.015991