0 0.152110 0.168296 0.018312 0.036954
0 0.107665 0.167921 0.020670 0.038172
0 0.257987 0.167813 0.020340 0.037318
0 0.196754 0.168348 0.020510 0.038804
0 0.031090 0.167733 0.021837 0.039862
0 0.060575 0.168002 0.021148 0.038136
0 0.219384 0.168340 0.018372 0.036810
0 0.129688 0.167660 0.019746 0.036982
0 0.084577 0.168153 0.019478 0.037639
0 0.929054 0.087719 0.034671 0.034951
0 0.972941 0.087718 0.042940 0.030788
2 0.169275 0.168803 0.016335 0.037917
1 0.025446 0.292421 0.014308 0.026786
2 0.035281 0.086242 0.036492 0.030024
1 0.933970 0.259332 0.012776 0.027085
1 0.025380 0.259478 0.013347 0.026269
1 0.933887 0.291770 0.012037 0.025253
1 0.025043 0.326452 0.013881 0.025937
0 0.236537 0.168172 0.016506 0.036935
0 0.029209 0.025140 0.019432 0.036240
0 0.951785 0.026275 0.021100 0.036629
0 0.981167 0.026547 0.020066 0.037052
0 0.922002 0.025631 0.020660 0.036543