4 0.440808 0.563232 0.511736 0.347918
0 0.949069 0.958786 0.083292 0.044665
0 0.026581 0.958842 0.034006 0.046525
0 0.078627 0.104651 0.115924 0.036006
2 0.842983 0.104833 0.120337 0.036444
2 0.508852 0.104638 0.140603 0.037528
0 0.097258 0.316594 0.125539 0.048837
2 0.349936 0.108572 0.142792 0.047433
0 0.206039 0.103349 0.100818 0.036434
0 0.747480 0.313547 0.168226 0.046554
0 0.880377 0.314016 0.063551 0.048779
2 0.957028 0.106357 0.037533 0.038411
2 0.680630 0.104318 0.165270 0.037626
0 0.584311 0.313684 0.130059 0.048891
0 0.225476 0.314093 0.094311 0.047254
0 0.328554 0.316900 0.103552 0.036023
0 0.463386 0.316122 0.080168 0.046726
0 0.307747 0.263682 0.059513 0.035658
0 0.959430 0.029922 0.028251 0.046293
0 0.347776 0.155999 0.139883 0.036531
0 0.921613 0.029908 0.026167 0.045691
0 0.040370 0.031283 0.025178 0.046411
0 0.883230 0.029846 0.025778 0.042828
0 0.989186 0.314401 0.019867 0.042926
0 0.298580 0.210035 0.038952 0.037368