0 0.181376 0.348233 0.023545 0.045627
0 0.066501 0.348721 0.023851 0.045559
0 0.403681 0.524297 0.022600 0.041636
0 0.099491 0.349155 0.024820 0.046337
0 0.041234 0.348739 0.022015 0.044344
0 0.478523 0.524392 0.022376 0.041649
0 0.449941 0.524149 0.022649 0.040985
0 0.299369 0.523318 0.023658 0.042242
0 0.502791 0.523697 0.023764 0.041591
0 0.328117 0.523681 0.022973 0.041737
0 0.757679 0.626759 0.022791 0.041827
0 0.375369 0.523782 0.021363 0.040259
0 0.352029 0.523474 0.021929 0.040477
4 0.768413 0.169441 0.210234 0.045933
0 0.531236 0.524179 0.023081 0.041272
0 0.427311 0.523750 0.021043 0.040376
4 0.809396 0.778566 0.038809 0.045227
2 0.541062 0.832791 0.232935 0.045041
4 0.441354 0.729584 0.037743 0.042077
0 0.280107 0.105861 0.085040 0.033671
0 0.577235 0.523957 0.021781 0.040861
0 0.554210 0.524128 0.021033 0.040799
4 0.808841 0.831380 0.038126 0.045941
4 0.761798 0.369948 0.121984 0.042073
4 0.809245 0.729106 0.038279 0.043855
0 0.734664 0.626407 0.023563 0.041659
4 0.762272 0.411454 0.122774 0.041396
2 0.374107 0.169535 0.159937 0.043973
0 0.790300 0.524481 0.124210 0.046406
0 0.892053 0.982106 0.071380 0.035404
4 0.980889 0.168780 0.038222 0.044616
2 0.781372 0.105193 0.038760 0.033045
0 0.598636 0.524282 0.019834 0.040707
0 0.622027 0.524649 0.022610 0.043331
0 0.277373 0.625728 0.022368 0.042745
0 0.214318 0.105768 0.030545 0.032228
0 0.104948 0.106184 0.170008 0.036370
0 0.411276 0.105411 0.047210 0.032230
0 0.276701 0.220697 0.021888 0.040787
0 0.931563 0.106380 0.017306 0.033476
0 0.277236 0.271122 0.022197 0.043291
2 0.545521 0.626716 0.310381 0.043240
1 0.297698 0.411064 0.017709 0.034305
1 0.318860 0.409986 0.019599 0.036216
4 0.494358 0.169373 0.083277 0.043208
1 0.318611 0.450446 0.019233 0.037089
4 0.441784 0.778792 0.038270 0.043155
0 0.600597 0.106383 0.117321 0.033559
0 0.354948 0.106334 0.048718 0.033376
0 0.488623 0.106082 0.089687 0.033364
4 0.761472 0.452125 0.122792 0.042434
0 0.694195 0.105975 0.050996 0.032010
0 0.972222 0.105832 0.045007 0.033551
0 0.740546 0.106421 0.025146 0.031902
4 0.911211 0.411246 0.081313 0.042377
1 0.297711 0.370749 0.017741 0.034885
4 0.910632 0.451248 0.080301 0.041632
4 0.805667 0.881203 0.031403 0.039765
2 0.013111 0.349389 0.026173 0.045615
0 0.600684 0.680461 0.044752 0.036594
1 0.297747 0.450700 0.018470 0.035746
4 0.837372 0.451707 0.030227 0.039882
0 0.906197 0.106089 0.017320 0.034380
4 0.910610 0.371359 0.080581 0.041608
2 0.538667 0.923853 0.234783 0.029783
1 0.914972 0.780284 0.013124 0.032206
1 0.916713 0.830333 0.015952 0.030688
1 0.497013 0.728789 0.015339 0.031642
4 0.837293 0.411827 0.029324 0.039932
0 0.792388 0.679605 0.040274 0.036762
1 0.005961 0.704490 0.011922 0.030730
0 0.443131 0.678307 0.083432 0.031000
1 0.005975 0.784020 0.011949 0.030810
0 0.531712 0.678536 0.060137 0.033776
1 0.005994 0.625046 0.011962 0.030276
4 0.805595 0.920453 0.031507 0.031134
4 0.861213 0.411684 0.020851 0.039952
2 0.150413 0.348904 0.018724 0.043687
0 0.348186 0.677334 0.079431 0.036915
1 0.918137 0.731394 0.014445 0.027550
1 0.005871 0.665175 0.011742 0.031702
1 0.005939 0.823590 0.011878 0.031623
1 0.005878 0.744511 0.011756 0.031428
4 0.837367 0.371582 0.028922 0.040099
0 0.276787 0.170599 0.023456 0.048945
4 0.350674 0.371066 0.042674 0.038577
0 0.105803 0.859957 0.132550 0.034619
1 0.006086 0.863249 0.012171 0.031326
1 0.006043 0.585698 0.012028 0.031912
4 0.351618 0.410930 0.042249 0.040741
4 0.861518 0.451912 0.020763 0.039746
4 0.975217 0.411372 0.049566 0.042278
4 0.350862 0.451062 0.043801 0.040433
4 0.974707 0.452135 0.050586 0.041984
4 0.492821 0.451713 0.140066 0.043524
0 0.876532 0.680663 0.100628 0.037889
4 0.974786 0.371479 0.049266 0.041272
1 0.318905 0.369954 0.020040 0.036418
0 0.133177 0.503105 0.208537 0.036694
2 0.130421 0.464630 0.232658 0.035601
4 0.861377 0.371687 0.020079 0.040091
0 0.663526 0.679430 0.045129 0.038061
0 0.728906 0.682191 0.057449 0.034846
1 0.006558 0.463146 0.013116 0.038440
0 0.141954 0.822710 0.210752 0.030242
0 0.031419 0.033269 0.021628 0.043768
4 0.384948 0.451527 0.026103 0.040708
1 0.005875 0.542597 0.011750 0.033058
4 0.384955 0.371472 0.026385 0.038332
0 0.963627 0.983690 0.062998 0.032620
4 0.384922 0.410662 0.026507 0.041183
4 0.410677 0.451287 0.026009 0.040040
0 0.947783 0.033106 0.023193 0.044634
0 0.078858 0.784615 0.081020 0.033547
0 0.980632 0.033604 0.022326 0.045248
0 0.914420 0.032777 0.022774 0.043388
4 0.411087 0.371854 0.026500 0.038976
4 0.411023 0.410757 0.027249 0.041037
2 0.146446 0.348796 0.026914 0.044453
1 0.005910 0.736748 0.011814 0.031345
0 0.132455 0.348935 0.021156 0.044128
1 0.005962 0.816102 0.011924 0.031741
1 0.005921 0.657607 0.011811 0.031668
4 0.493683 0.371706 0.140588 0.040488
4 0.493510 0.410048 0.136283 0.032507
1 0.918584 0.922666 0.014159 0.022505
1 0.004130 0.505695 0.008260 0.021255
0 0.089971 0.544454 0.120944 0.041259
0 0.090560 0.583213 0.120944 0.041259
0 0.079646 0.623222 0.102655 0.041259
0 0.143658 0.662606 0.211799 0.037509
0 0.086726 0.705741 0.095575 0.038759
0 0.078466 0.743875 0.079056 0.035008