0 0.033991 0.220352 0.023192 0.043730
0 0.066399 0.220632 0.023675 0.044990
0 0.419712 0.235725 0.022858 0.040815
0 0.186439 0.235440 0.022352 0.041181
0 0.209436 0.870395 0.021567 0.038388
4 0.371204 0.529314 0.077333 0.042028
0 0.099454 0.220852 0.023529 0.044290
4 0.404606 0.677095 0.145851 0.043864
0 0.186533 0.870631 0.022215 0.039203
4 0.854824 0.528511 0.083767 0.041437
0 0.667501 0.235471 0.022618 0.041472
4 0.489074 0.383247 0.308871 0.044280
0 0.712811 0.235539 0.022655 0.039816
0 0.689860 0.235325 0.021846 0.039678
0 0.164572 0.332917 0.023046 0.041861
0 0.780192 0.235466 0.022809 0.041039
0 0.397077 0.235673 0.021594 0.040477
4 0.307035 0.236123 0.158417 0.042879
0 0.509689 0.870292 0.023228 0.040946
0 0.214625 0.335570 0.033190 0.038089
0 0.209767 0.235158 0.023417 0.042194
0 0.490547 0.235752 0.106409 0.041147
4 0.800884 0.383064 0.289707 0.045627
0 0.068863 0.144052 0.090952 0.033298
0 0.009393 0.219586 0.018786 0.043066
0 0.596229 0.236036 0.105486 0.042205
2 0.162905 0.143817 0.081725 0.033443
0 0.965100 0.144121 0.047643 0.034500
2 0.054007 0.598893 0.103008 0.030838
4 0.479303 0.870862 0.037785 0.041953
0 0.695750 0.976962 0.062481 0.038425
0 0.962946 0.975782 0.049132 0.030074
0 0.261571 0.334355 0.023691 0.036531
0 0.837287 0.976769 0.071225 0.032019
0 0.904208 0.143554 0.058401 0.033689
0 0.905699 0.975952 0.047994 0.030256
2 0.060708 0.675365 0.118216 0.032806
2 0.231954 0.143070 0.037065 0.032410
0 0.762640 0.977202 0.061262 0.034315
0 0.300834 0.334142 0.021663 0.036310
0 0.234917 0.975276 0.073971 0.032272
0 0.475379 0.334362 0.026117 0.035681
0 0.425980 0.336305 0.041541 0.035080
2 0.041658 0.521969 0.080744 0.030941
2 0.074583 0.331972 0.145859 0.030977
0 0.358744 0.334481 0.062081 0.035640
0 0.035700 0.074955 0.019011 0.037669
0 0.531279 0.336672 0.060451 0.036196
0 0.059955 0.369369 0.066125 0.030462
0 0.940926 0.075400 0.021676 0.039361
2 0.028816 0.445264 0.054297 0.031833
0 0.907749 0.075162 0.020349 0.037961
0 0.974428 0.075183 0.021455 0.039974
1 0.234157 0.871387 0.016281 0.033526
0 0.041462 0.561865 0.026963 0.026419
2 0.041525 0.638412 0.026163 0.027770
0 0.041729 0.638465 0.026697 0.028096
0 0.041925 0.523313 0.079475 0.028246
0 0.234408 0.870473 0.016464 0.035814
0 0.055924 0.715106 0.068830 0.033743
0 0.059919 0.410792 0.069444 0.029994