1 0.159122 0.889228 0.009644 0.020311
1 0.159689 0.589007 0.009644 0.021580
1 0.159973 0.633437 0.010211 0.019042
1 0.159122 0.547115 0.008509 0.019042
0 0.034320 0.022203 0.013047 0.027928
0 0.029215 0.159937 0.009644 0.031736
0 0.090765 0.163111 0.096437 0.030466
0 0.181813 0.163111 0.060699 0.033005
0 0.254141 0.163111 0.058997 0.030466
0 0.328738 0.162476 0.062968 0.034275
0 0.405888 0.161207 0.065237 0.031736
0 0.498639 0.163111 0.090765 0.030466
0 0.471976 0.205002 0.023826 0.033005
0 0.495518 0.246893 0.022124 0.035544
0 0.471976 0.546480 0.095303 0.035544
0 0.959553 0.973646 0.056161 0.036814
0 0.923814 0.024107 0.016451 0.031736
0 0.950193 0.024742 0.015884 0.033005
0 0.976855 0.023473 0.018153 0.033005
0 0.969480 0.086310 0.040844 0.034275
0 0.974019 0.161207 0.017018 0.021580
0 0.047935 0.084406 0.051622 0.027928
0 0.129907 0.089483 0.098707 0.030466
0 0.227479 0.088214 0.080554 0.025389
0 0.317393 0.086944 0.086794 0.022850
0 0.393692 0.087579 0.048786 0.021580
4 0.210744 0.205002 0.244497 0.033005
4 0.211028 0.245624 0.245065 0.033005
4 0.104379 0.290689 0.028364 0.034275
4 0.166780 0.418267 0.023826 0.033005
4 0.166213 0.460159 0.023826 0.035544
4 0.175857 0.504589 0.040844 0.033005
4 0.166496 0.675328 0.023258 0.034275
4 0.184933 0.719758 0.060132 0.034275
4 0.163660 0.761015 0.016451 0.030466
4 0.421205 0.674059 0.041411 0.031736
4 0.432550 0.761650 0.066372 0.031736