5 0.505487 0.531042 0.591581 0.622114
0 0.762423 0.811668 0.037733 0.037086
4 0.383610 0.407542 0.042358 0.035855
4 0.387328 0.627871 0.050683 0.036688
0 0.623418 0.812149 0.056029 0.038103
4 0.383672 0.539623 0.042763 0.037281
4 0.404001 0.584047 0.083528 0.037107
4 0.377399 0.671794 0.030206 0.035931
4 0.383719 0.450881 0.042886 0.037215
0 0.697093 0.812175 0.082500 0.039321
4 0.373196 0.495133 0.022160 0.036997
0 0.559732 0.910916 0.027204 0.036687
4 0.434280 0.909399 0.034458 0.034506
0 0.559092 0.866514 0.025017 0.036553
0 0.971040 0.977246 0.046732 0.035673
4 0.264121 0.910467 0.034317 0.037706
2 0.513618 0.084804 0.034960 0.029948
4 0.409385 0.364014 0.094399 0.036073
0 0.204855 0.085031 0.089533 0.031043
4 0.383612 0.715457 0.042329 0.035779
0 0.451455 0.084956 0.076631 0.029824
0 0.972543 0.084585 0.044506 0.031767
0 0.084398 0.085361 0.132949 0.031011
0 0.331630 0.085157 0.147150 0.031591
0 0.559272 0.943497 0.024834 0.022023
0 0.465377 0.364196 0.016450 0.033465
0 0.337031 0.322184 0.177343 0.036229
0 0.768811 0.321302 0.018398 0.033602
0 0.788076 0.247192 0.016973 0.035794
0 0.525861 0.321705 0.178131 0.031152
0 0.951859 0.022008 0.021567 0.038584
0 0.028938 0.020701 0.019131 0.037693
4 0.270954 0.201270 0.047674 0.033838
0 0.981708 0.021255 0.022099 0.038734
0 0.922064 0.020689 0.020256 0.036791
4 0.254264 0.865711 0.012184 0.033713