2 0.168655 0.091123 0.075670 0.033054
2 0.233423 0.088479 0.035911 0.027766
0 0.934334 0.089140 0.023086 0.031732
0 0.970566 0.086496 0.039118 0.034377
0 0.917340 0.023031 0.019879 0.034377
0 0.949404 0.023692 0.018597 0.033054
0 0.980185 0.019725 0.018597 0.033054
0 0.023086 0.026336 0.019238 0.030410
0 0.067975 0.087157 0.115429 0.038343
0 0.339989 0.170311 0.015127 0.032749
0 0.392557 0.170311 0.018909 0.032749
0 0.412412 0.169922 0.020800 0.035089
0 0.433401 0.171481 0.019666 0.036648
0 0.453634 0.168752 0.020044 0.035868
0 0.475191 0.169142 0.020044 0.036648
0 0.288745 0.260372 0.116860 0.036648
0 0.056539 0.357061 0.055593 0.031970
0 0.129340 0.354332 0.063535 0.035868
0 0.187013 0.351992 0.029120 0.031190
0 0.239014 0.353552 0.058241 0.031190
0 0.315218 0.356671 0.057106 0.031190
4 0.225021 0.168362 0.211028 0.033529
4 0.164889 0.216706 0.089252 0.035089
4 0.164511 0.261152 0.088496 0.035089
0 0.259833 0.979124 0.068338 0.025342