0 0.039191 0.022985 0.018542 0.033994
0 0.916140 0.022091 0.019385 0.033994
0 0.944374 0.022091 0.021070 0.033994
0 0.974294 0.020749 0.020228 0.034888
0 0.057944 0.087394 0.089760 0.025048
0 0.158449 0.086947 0.080067 0.025942
0 0.071218 0.268096 0.098609 0.032204
0 0.196587 0.266307 0.120944 0.033994
0 0.329751 0.264966 0.117573 0.036677
0 0.428571 0.264518 0.053097 0.035783
0 0.500421 0.264518 0.061947 0.037572
0 0.220185 0.535572 0.014749 0.035783
0 0.229878 0.582089 0.013906 0.033994
0 0.229456 0.627712 0.013064 0.033994
0 0.258534 0.674677 0.014749 0.034888
0 0.216182 0.719853 0.013485 0.033994
0 0.258112 0.765476 0.015592 0.037572
0 0.258744 0.812440 0.014328 0.034888
0 0.780236 0.672441 0.016435 0.035783
0 0.780868 0.720300 0.014328 0.034888
0 0.780236 0.765028 0.015592 0.036677
0 0.973451 0.973910 0.053097 0.035783
0 0.238306 0.883558 0.013064 0.028626
0 0.261905 0.882664 0.009692 0.030415
0 0.026759 0.882217 0.031606 0.036677
0 0.056679 0.882217 0.027391 0.034888
0 0.017067 0.976593 0.024863 0.033994
4 0.289718 0.332505 0.206911 0.032204
4 0.237885 0.378575 0.102402 0.034888
4 0.238306 0.425093 0.102402 0.033099
4 0.206911 0.535572 0.040455 0.033994
4 0.211968 0.581195 0.049726 0.037572
4 0.211336 0.627712 0.050147 0.035783
4 0.226296 0.673335 0.079225 0.035783
4 0.204804 0.720300 0.036241 0.034888
4 0.226507 0.766370 0.078803 0.037572
4 0.226507 0.811993 0.080489 0.035783
4 0.296460 0.810651 0.045091 0.036677
4 0.749263 0.672888 0.079225 0.034888
4 0.749473 0.719853 0.078803 0.033994
4 0.749052 0.764581 0.078803 0.037572
4 0.775179 0.811099 0.130215 0.035783
4 0.727981 0.582089 0.035820 0.037572
2 0.269279 0.087394 0.114623 0.028626
2 0.386220 0.087841 0.092288 0.031310
2 0.511589 0.088289 0.128108 0.030415
2 0.639907 0.089183 0.094817 0.026837
0 0.567847 0.264518 0.045091 0.039361
0 0.671724 0.266755 0.135693 0.038466
0 0.830383 0.264966 0.153814 0.038466
2 0.985672 0.087394 0.028656 0.039361