0 0.027532 0.025719 0.020649 0.037654
0 0.073992 0.092376 0.119469 0.032566
0 0.345133 0.171755 0.015733 0.034601
0 0.292281 0.262328 0.115536 0.036636
0 0.397001 0.172264 0.020157 0.033583
0 0.417896 0.171246 0.018682 0.035619
0 0.437070 0.172773 0.018682 0.034601
0 0.457965 0.169720 0.019174 0.034601
0 0.479597 0.171246 0.020157 0.031548
0 0.937561 0.089832 0.019666 0.031548
0 0.976401 0.090341 0.045231 0.026460
0 0.924287 0.025719 0.016716 0.037654
0 0.952557 0.023174 0.016224 0.036636
0 0.984022 0.025210 0.017207 0.032566
0 0.059489 0.353919 0.057030 0.040707
0 0.133972 0.354937 0.061455 0.042742
0 0.191495 0.354428 0.025074 0.043760
0 0.248525 0.356972 0.067355 0.038672
0 0.318092 0.357481 0.057030 0.033583
4 0.230088 0.172264 0.212389 0.033583
4 0.168633 0.217042 0.087512 0.035619
4 0.168387 0.263855 0.087021 0.037654
2 0.155851 0.091359 0.034415 0.032566