0 0.231994 0.386239 0.014135 0.026218
0 0.291605 0.388736 0.101401 0.028715
0 0.415745 0.389360 0.119838 0.032460
0 0.567232 0.388736 0.154867 0.036205
0 0.793695 0.310707 0.021509 0.044945
0 0.771264 0.384991 0.022124 0.011236
0 0.624078 0.756408 0.054695 0.037454
0 0.699975 0.756408 0.083579 0.037454
0 0.765733 0.757032 0.036873 0.038702
0 0.034722 0.088481 0.049779 0.039951
0 0.020588 0.026682 0.014135 0.038702
0 0.107854 0.090354 0.080506 0.043696
0 0.199115 0.090354 0.088496 0.041199
0 0.924594 0.027931 0.017822 0.031212
0 0.954707 0.026682 0.014135 0.036205
0 0.987586 0.027931 0.015978 0.036205
0 0.976278 0.093475 0.047443 0.037454
0 0.904007 0.977385 0.063913 0.034957
0 0.971055 0.976137 0.057890 0.034957
4 0.468289 0.429311 0.222468 0.029963
4 0.468904 0.474256 0.224926 0.034957
4 0.370268 0.520449 0.027655 0.032460
4 0.397616 0.565393 0.086037 0.034957
4 0.376721 0.610962 0.041790 0.033708
4 0.377643 0.656531 0.043633 0.034957
4 0.220010 0.173376 0.130285 0.032460
4 0.167158 0.217697 0.027040 0.033708
4 0.199115 0.263890 0.090954 0.036205
4 0.176684 0.306338 0.043633 0.033708
0 0.054081 0.396851 0.058997 0.034957
0 0.122296 0.398724 0.052852 0.038702
0 0.179449 0.398724 0.036873 0.043696
1 0.016496 0.487588 0.009703 0.021290
1 0.016302 0.524647 0.010868 0.022867
1 0.016302 0.558553 0.010868 0.021290
1 0.016302 0.594824 0.010868 0.018136
1 0.016302 0.628729 0.010868 0.022867
1 0.016108 0.666183 0.010480 0.020501
1 0.016496 0.702060 0.010480 0.021290
1 0.016690 0.736754 0.010092 0.021290
1 0.015914 0.772237 0.010868 0.018136
1 0.016496 0.808508 0.010480 0.022867
1 0.016108 0.843596 0.009703 0.020501
1 0.016496 0.880261 0.010480 0.021290
1 0.016302 0.914955 0.011644 0.021290
1 0.016108 0.944130 0.009703 0.008674
1 0.727760 0.810085 0.010868 0.021290
1 0.727177 0.843990 0.010480 0.019713
1 0.727372 0.881838 0.009315 0.018136
1 0.726401 0.916138 0.010480 0.022078
1 0.727177 0.943736 0.009703 0.007885
1 0.758034 0.807325 0.010868 0.022078
1 0.758034 0.844385 0.010868 0.020501
1 0.758229 0.880261 0.010480 0.019713
1 0.758617 0.915350 0.010480 0.022078
1 0.758617 0.944524 0.011256 0.007885
1 0.789668 0.808508 0.010480 0.022867
1 0.790444 0.842413 0.009703 0.021290
1 0.790056 0.880261 0.009703 0.019713
1 0.789086 0.915350 0.010868 0.020501
1 0.790056 0.944524 0.010480 0.007885
2 0.287611 0.091307 0.075781 0.038229
2 0.351694 0.092857 0.038145 0.035129
5 0.502528 0.534024 0.608934 0.503303
4 0.090842 0.489450 0.128050 0.039497
4 0.089836 0.524860 0.130062 0.036773
4 0.090507 0.561633 0.128721 0.028601
4 0.089836 0.597044 0.128721 0.036773
4 0.090842 0.633136 0.130732 0.032687
4 0.090172 0.669909 0.130732 0.032687
4 0.089501 0.702596 0.130732 0.032687
4 0.090842 0.740050 0.130732 0.039497
4 0.090507 0.774099 0.128721 0.034049
4 0.088831 0.808148 0.129391 0.034049
4 0.091177 0.845602 0.131403 0.032687
4 0.089836 0.881012 0.131403 0.035411
4 0.089166 0.916423 0.130062 0.032687
4 0.177326 0.488088 0.043577 0.039497
4 0.176991 0.528265 0.040225 0.038135
4 0.177326 0.561633 0.042237 0.036773
4 0.176321 0.595001 0.041566 0.032687
4 0.176321 0.629050 0.041566 0.035411
4 0.176991 0.666504 0.038884 0.036773
4 0.175650 0.703277 0.040225 0.039497
4 0.176991 0.738007 0.040225 0.032687
4 0.175986 0.773418 0.039555 0.038135
4 0.219898 0.807467 0.130062 0.040859
4 0.221239 0.845602 0.128721 0.038135
4 0.220904 0.879650 0.129391 0.032687
4 0.218892 0.915061 0.128050 0.038135
1 0.440467 0.808148 0.010727 0.020429
1 0.440467 0.841516 0.010727 0.019067
1 0.440131 0.880331 0.011397 0.023153
1 0.440131 0.915061 0.010056 0.021791
1 0.589971 0.808148 0.012068 0.023153
1 0.590306 0.840835 0.012738 0.020429
1 0.590306 0.881012 0.011397 0.024515
1 0.591311 0.916423 0.010727 0.021791
1 0.622151 0.808148 0.010727 0.017705
1 0.622486 0.845602 0.010056 0.021791
1 0.621145 0.878288 0.010056 0.021791
1 0.621480 0.913018 0.009386 0.023153