5 0.510957 0.572080 0.648968 0.716987
0 0.129689 0.194378 0.023318 0.048928
0 0.802270 0.896561 0.021771 0.045054
0 0.256485 0.390622 0.025626 0.045801
0 0.750761 0.896477 0.021685 0.043943
0 0.776170 0.896544 0.022260 0.044403
0 0.286636 0.390734 0.024468 0.045667
2 0.402100 0.390303 0.143739 0.047862
0 0.725554 0.896371 0.022631 0.044241
0 0.314271 0.390791 0.024234 0.045566
0 0.699335 0.896169 0.021365 0.043900
0 0.228307 0.390754 0.024649 0.046113
0 0.064812 0.110861 0.084768 0.035724
0 0.008773 0.193929 0.017546 0.047089
0 0.031258 0.194869 0.020587 0.046122
2 0.728262 0.109702 0.038364 0.034090
0 0.192545 0.111514 0.153725 0.038260
0 0.270371 0.971559 0.022376 0.042978
0 0.421446 0.972371 0.020963 0.041385
0 0.293113 0.971799 0.022077 0.044038
0 0.398536 0.972403 0.022443 0.041713
0 0.328188 0.109514 0.099660 0.034810
0 0.375926 0.972213 0.022009 0.042403
0 0.439419 0.110965 0.105416 0.036407
2 0.658772 0.110622 0.082681 0.036667
0 0.247252 0.971150 0.022388 0.043482
0 0.555027 0.110948 0.110269 0.037197
1 0.220938 0.627708 0.017862 0.036862
1 0.221109 0.545095 0.017838 0.037071
1 0.221280 0.669113 0.017603 0.036991
1 0.221742 0.502916 0.018130 0.038190
1 0.221108 0.710523 0.017149 0.035427
0 0.498220 0.331150 0.160799 0.036515
1 0.221150 0.586280 0.017794 0.036651
0 0.977325 0.111331 0.045349 0.036607
2 0.050324 0.194409 0.019345 0.047229
1 0.361125 0.193591 0.012415 0.025240
4 0.944590 0.972842 0.045956 0.045652
0 0.819971 0.240338 0.016079 0.034120
1 0.254336 0.193878 0.017558 0.026593
2 0.098767 0.195849 0.015276 0.046213
0 0.034881 0.034559 0.020880 0.044181
0 0.920935 0.033664 0.023079 0.045411
0 0.987851 0.033261 0.022842 0.047646
0 0.954494 0.033968 0.023476 0.046247
1 0.359624 0.161385 0.015696 0.025627
0 0.798040 0.329555 0.015803 0.024484
0 0.659239 0.333052 0.135377 0.043138
2 0.092446 0.315564 0.183839 0.038475
0 0.081384 0.193728 0.019490 0.041972