0 0.035270 0.026813 0.017956 0.039679
0 0.038476 0.098956 0.043607 0.027655
0 0.129537 0.099558 0.112864 0.024048
0 0.286649 0.098355 0.183404 0.026452
0 0.423560 0.098956 0.073746 0.027655
0 0.506615 0.098719 0.079110 0.026817
0 0.617234 0.097881 0.128721 0.025141
0 0.759587 0.095786 0.135425 0.024303
0 0.958032 0.097462 0.056762 0.025979
0 0.895236 0.026230 0.019666 0.031007
0 0.932109 0.024973 0.022794 0.035197
0 0.967194 0.027487 0.021453 0.035197
0 0.435327 0.232385 0.022347 0.036035
0 0.620363 0.182522 0.022347 0.036873
0 0.668410 0.182103 0.024582 0.037711
0 0.668633 0.230709 0.023241 0.037711
0 0.073426 0.326808 0.060921 0.031262
0 0.151661 0.325606 0.062203 0.031262
0 0.238553 0.326207 0.075670 0.032464
0 0.065965 0.375195 0.089951 0.040298
0 0.154226 0.375634 0.089137 0.037533
0 0.244004 0.375505 0.084007 0.039679
0 0.307490 0.320796 0.035270 0.031262
0 0.365846 0.323802 0.042965 0.032464
0 0.443760 0.324404 0.088496 0.028857
0 0.530973 0.325606 0.052584 0.026452
0 0.601193 0.326808 0.051943 0.031262
0 0.665641 0.326207 0.052584 0.027655
0 0.743087 0.470345 0.022790 0.032760
0 0.781070 0.376106 0.087213 0.038476
0 0.691292 0.374303 0.085930 0.042083
0 0.636463 0.375505 0.022445 0.042083
0 0.611774 0.374904 0.023086 0.040881
0 0.587405 0.376106 0.021803 0.038476
0 0.521034 0.375505 0.110940 0.039679
0 0.420354 0.376106 0.086572 0.038476
0 0.330576 0.374303 0.089137 0.039679
2 0.855457 0.097111 0.040844 0.024464
4 0.129907 0.181139 0.040844 0.039355
4 0.202235 0.183267 0.102678 0.037228
4 0.443329 0.181671 0.328455 0.038291
4 0.267189 0.232195 0.310869 0.035100
4 0.550261 0.231131 0.207624 0.035100
1 0.031768 0.468856 0.012480 0.021273
1 0.031484 0.509275 0.011913 0.023400
1 0.031768 0.547566 0.012480 0.021273
1 0.031484 0.585858 0.013047 0.025528
1 0.031484 0.622022 0.011913 0.019146
1 0.032619 0.660313 0.011913 0.023400
1 0.032619 0.698604 0.011913 0.021273
1 0.032335 0.735832 0.011346 0.019146
4 0.587701 0.470452 0.277967 0.037228
4 0.587985 0.508211 0.279669 0.040419
4 0.587701 0.548098 0.277967 0.037228
4 0.587985 0.585326 0.278534 0.037228
4 0.588269 0.623085 0.277967 0.040419
4 0.588552 0.661909 0.278534 0.039355
4 0.588269 0.699136 0.277967 0.037228
4 0.587418 0.734769 0.278534 0.034037
4 0.393692 0.469920 0.057862 0.036164
4 0.394543 0.508743 0.057295 0.041482
4 0.394543 0.547035 0.056161 0.037228
4 0.394259 0.584262 0.056728 0.039355
4 0.393125 0.621490 0.056728 0.037228
4 0.393408 0.660313 0.055026 0.042546
4 0.393125 0.699668 0.055593 0.040419
4 0.394259 0.734237 0.056728 0.030846
4 0.436521 0.469920 0.023258 0.036164
4 0.435954 0.509275 0.023258 0.040419
4 0.435671 0.549162 0.026095 0.039355
4 0.435671 0.585326 0.026095 0.037228
4 0.435671 0.622554 0.026095 0.039355
4 0.436238 0.661377 0.027229 0.038291
4 0.435387 0.699136 0.025528 0.032973
4 0.435103 0.735832 0.023826 0.036164
0 0.438643 0.973783 0.087906 0.049779
0 0.871681 0.974336 0.074926 0.039823
0 0.951327 0.973230 0.070206 0.044248
4 0.910619 0.469912 0.044248 0.037611
4 0.909440 0.509181 0.038348 0.036504
4 0.908850 0.547345 0.038348 0.042035
4 0.909145 0.586615 0.041298 0.036504
4 0.910029 0.623119 0.039528 0.036504
4 0.909440 0.661836 0.040708 0.038717
4 0.908850 0.698894 0.039528 0.033186
4 0.909440 0.734845 0.039528 0.036504