0 0.178992 0.087278 0.027877 0.027857
2 0.601226 0.087334 0.034762 0.029723
0 0.026650 0.731825 0.022207 0.037580
0 0.441104 0.732529 0.021320 0.037976
0 0.462632 0.732452 0.021123 0.037002
0 0.331989 0.086735 0.043583 0.027639
4 0.224309 0.164960 0.075446 0.038078
2 0.554771 0.426403 0.110597 0.038636
2 0.272397 0.735377 0.281013 0.033649
0 0.373120 0.087134 0.023806 0.027060
2 0.540051 0.087112 0.075244 0.031063
0 0.902745 0.974558 0.065086 0.035541
0 0.251734 0.087644 0.102640 0.029341
2 0.115281 0.165036 0.143408 0.037043
4 0.750482 0.317151 0.499035 0.176780
0 0.025808 0.209211 0.020219 0.035201
0 0.086821 0.087857 0.139432 0.031843
0 0.443769 0.088347 0.102989 0.029776
0 0.026207 0.644286 0.022112 0.038659
1 0.300686 0.164422 0.013912 0.028158
0 0.968454 0.975102 0.055435 0.033161
4 0.153842 0.328219 0.029895 0.035067
0 0.975369 0.086810 0.042919 0.030061
0 0.939070 0.086621 0.017203 0.029844
0 0.026685 0.164336 0.022736 0.044939
4 0.153726 0.363291 0.029442 0.035279
0 0.051037 0.210325 0.028273 0.034998
4 0.153614 0.292709 0.029233 0.036091
4 0.154031 0.398556 0.029250 0.035626
0 0.923652 0.023950 0.021508 0.039216
0 0.983457 0.025350 0.021656 0.040866
0 0.028713 0.023756 0.019395 0.038902
0 0.953057 0.024935 0.022193 0.040382