0 0.986112 0.643080 0.022790 0.044662
4 0.244388 0.481854 0.051609 0.042229
4 0.713136 0.483288 0.036708 0.043788
0 0.025070 0.873744 0.032406 0.039199
0 0.060560 0.102317 0.100437 0.034758
0 0.963670 0.974439 0.070016 0.042359
0 0.058755 0.873413 0.032279 0.039363
4 0.231875 0.357605 0.037120 0.043829
4 0.198607 0.482661 0.037446 0.042797
0 0.170415 0.102186 0.087784 0.034833
2 0.302075 0.102771 0.142889 0.037373
2 0.441684 0.102430 0.105064 0.036532
1 0.187044 0.533894 0.014080 0.028862
2 0.970955 0.101555 0.032695 0.040757
0 0.015421 0.975535 0.027463 0.035800
1 0.011886 0.702818 0.014582 0.031157
0 0.151440 0.250894 0.137163 0.042336
1 0.011939 0.749312 0.014640 0.030363
1 0.012101 0.788542 0.015430 0.031617
0 0.027414 0.026421 0.020604 0.040401
0 0.906437 0.026843 0.022108 0.042256
0 0.973036 0.027934 0.023707 0.044421
0 0.939650 0.027852 0.022332 0.044108
0 0.041633 0.250580 0.047671 0.039872
0 0.260593 0.481272 0.017894 0.041000
0 0.285652 0.870079 0.014519 0.030225
4 0.213385 0.751863 0.168480 0.040254
1 0.012168 0.829405 0.011062 0.018945