0 0.369319 0.761067 0.147728 0.042031
0 0.119106 0.807752 0.147862 0.041295
0 0.118576 0.761030 0.148848 0.042176
4 0.153473 0.168204 0.062790 0.039124
2 0.284184 0.488436 0.235468 0.043586
1 0.273574 0.716258 0.014528 0.031008
4 0.174332 0.533746 0.021760 0.038518
4 0.229597 0.215902 0.217089 0.044201
2 0.191953 0.085562 0.034802 0.028648
0 0.369111 0.808086 0.148131 0.040260
0 0.134767 0.085736 0.063091 0.029734
0 0.117994 0.716146 0.148531 0.040569
1 0.023349 0.762438 0.015329 0.030942
0 0.972019 0.976786 0.055557 0.034680
4 0.307573 0.580727 0.285153 0.040304
0 0.053589 0.086447 0.083839 0.031107
0 0.904321 0.977425 0.066426 0.036682
4 0.306037 0.627586 0.284098 0.040284
1 0.273379 0.761778 0.015259 0.031775
2 0.487680 0.487734 0.161592 0.042915
0 0.977773 0.086609 0.044454 0.034820
4 0.320094 0.168444 0.035448 0.039213
4 0.307021 0.671217 0.286437 0.038897
0 0.369681 0.717231 0.148919 0.041201
4 0.181525 0.350817 0.034072 0.037555
1 0.273475 0.808356 0.014667 0.029343
0 0.205337 0.350800 0.012894 0.031685
1 0.023571 0.716758 0.015572 0.031348
0 0.474901 0.580277 0.034031 0.039916
1 0.023244 0.807712 0.015174 0.029354
4 0.194932 0.938235 0.060925 0.029727
0 0.023917 0.022836 0.018582 0.037735
1 0.399052 0.351031 0.014118 0.029767
0 0.956227 0.023403 0.021497 0.040059
0 0.925547 0.022805 0.021324 0.038913
0 0.987878 0.023156 0.020988 0.038864
1 0.218213 0.352759 0.009833 0.021681