4 0.413786 0.378420 0.432292 0.154993
2 0.769283 0.691805 0.162903 0.043869
4 0.808725 0.642591 0.241329 0.045108
0 0.962214 0.977764 0.069870 0.038551
0 0.019324 0.976452 0.027968 0.039869
0 0.057357 0.110548 0.089358 0.035766
4 0.222396 0.690767 0.052560 0.042257
2 0.327655 0.111192 0.103467 0.034406
2 0.187806 0.110252 0.142652 0.036003
0 0.924343 0.641830 0.016438 0.037618
2 0.969577 0.111160 0.032029 0.040115
0 0.199727 0.259043 0.041084 0.040103
0 0.260106 0.866740 0.112232 0.040713
0 0.093434 0.256596 0.138206 0.041067
1 0.203402 0.743656 0.014362 0.030750
0 0.938468 0.035805 0.023033 0.046106
0 0.971406 0.035742 0.025092 0.046357
0 0.030576 0.036125 0.021166 0.043804
0 0.905630 0.035913 0.023066 0.043704
0 0.241094 0.689463 0.017018 0.042388