5 0.499861 0.533718 0.500281 0.891793
3 0.285888 0.329280 0.014506 0.028479
1 0.285940 0.692850 0.014736 0.028381
1 0.285953 0.646898 0.014749 0.028063
1 0.286402 0.737079 0.013718 0.027621
4 0.175062 0.353222 0.036005 0.038575
4 0.148295 0.172877 0.065982 0.039227
0 0.111456 0.762237 0.147863 0.040387
4 0.182515 0.218685 0.135157 0.039974
0 0.901566 0.978260 0.066864 0.035953
4 0.203493 0.582305 0.093108 0.040826
0 0.046461 0.091194 0.084689 0.031489
0 0.112009 0.717992 0.148520 0.042148
4 0.203606 0.626416 0.092490 0.043288
0 0.128775 0.091607 0.064730 0.029581
0 0.969591 0.977669 0.056792 0.033685
0 0.671578 0.950066 0.015008 0.028264
0 0.695265 0.950335 0.014500 0.028675
3 0.285372 0.419636 0.013082 0.027598
4 0.203394 0.671947 0.092364 0.043794
1 0.285699 0.600419 0.015007 0.028980
0 0.975411 0.091436 0.046241 0.033054
4 0.203593 0.490845 0.092018 0.039489
1 0.016985 0.718352 0.015173 0.030138
0 0.736022 0.115577 0.017469 0.035473
0 0.718834 0.950675 0.016042 0.029124
3 0.285240 0.373665 0.013345 0.028336
1 0.017111 0.763485 0.015735 0.031126
3 0.285445 0.462625 0.012935 0.027424
4 0.189306 0.936326 0.061790 0.031428
3 0.564811 0.375061 0.015709 0.029263
4 0.203665 0.538072 0.093339 0.042606
0 0.923523 0.026692 0.020558 0.037473
4 0.167948 0.537778 0.020523 0.039615
3 0.285615 0.874331 0.013979 0.026717
0 0.017546 0.027072 0.018208 0.035938
0 0.953693 0.027704 0.020541 0.039140
0 0.985155 0.027756 0.022200 0.041215
0 0.186035 0.090946 0.035776 0.029235
2 0.185973 0.091065 0.035689 0.028903
3 0.565554 0.915669 0.013366 0.021548
3 0.285767 0.911374 0.015978 0.019944
3 0.565388 0.873978 0.012291 0.027424
1 0.566310 0.599742 0.011676 0.024931
3 0.564467 0.329246 0.014135 0.024931
3 0.564467 0.421489 0.010447 0.022437
1 0.212847 0.354492 0.011698 0.025790
1 0.647685 0.947097 0.015391 0.028616