4 0.794370 0.916760 0.164080 0.040160
4 0.253043 0.916088 0.125097 0.040094
4 0.254362 0.305785 0.127796 0.038842
4 0.739840 0.469472 0.033096 0.039795
4 0.264861 0.423463 0.124471 0.040514
4 0.250587 0.964049 0.127498 0.040222
4 0.741793 0.566207 0.036736 0.040664
4 0.739850 0.517474 0.034028 0.039985
2 0.304044 0.095159 0.095968 0.031928
0 0.056176 0.094099 0.080714 0.033367
2 0.176311 0.094668 0.129759 0.033207
4 0.758651 0.964473 0.091488 0.039396
4 0.218696 0.517238 0.033585 0.037663
4 0.218608 0.470248 0.032929 0.037229
4 0.218797 0.656495 0.032791 0.042990
4 0.729457 0.771914 0.033291 0.040811
4 0.247621 0.772035 0.047466 0.041879
0 0.143794 0.236835 0.123964 0.041490
4 0.206921 0.772104 0.032968 0.040861
4 0.338929 0.916864 0.046912 0.039980
0 0.989673 0.095469 0.019534 0.035094
0 0.309748 0.304945 0.016465 0.035194
0 0.794833 0.964425 0.018049 0.035409
0 0.046157 0.235177 0.042712 0.035983
1 0.195771 0.820469 0.013286 0.026638
0 0.925895 0.027230 0.021861 0.040630
0 0.042714 0.027451 0.020781 0.041145
0 0.956090 0.028374 0.022426 0.041158
0 0.987126 0.028366 0.021663 0.041714
0 0.344326 0.916847 0.036670 0.039549
0 0.262103 0.772425 0.019161 0.040133