3 0.009453 0.570360 0.017630 0.033905
2 0.487667 0.569093 0.142234 0.040673
2 0.487211 0.649262 0.143789 0.040702
2 0.488104 0.529298 0.143757 0.040417
2 0.487257 0.609327 0.145078 0.039733
0 0.961452 0.976972 0.069454 0.041686
0 0.051078 0.106020 0.088290 0.036447
4 0.589413 0.609523 0.061923 0.038537
0 0.089552 0.384309 0.022264 0.042287
4 0.346216 0.610038 0.142271 0.040707
4 0.589511 0.529635 0.061495 0.040469
4 0.659967 0.650117 0.081861 0.042443
4 0.345305 0.570521 0.143938 0.041972
4 0.589721 0.570035 0.061525 0.040395
4 0.346533 0.650554 0.141508 0.040940
2 0.323283 0.106101 0.105932 0.035735
4 0.589364 0.650333 0.061801 0.039921
4 0.660292 0.609864 0.081828 0.040619
4 0.660871 0.570252 0.083382 0.041781
4 0.726480 0.650225 0.052968 0.040739
4 0.777580 0.529473 0.052173 0.041465
0 0.041242 0.254712 0.040062 0.036522
4 0.177749 0.610841 0.193276 0.040690
4 0.726515 0.569870 0.053063 0.041206
4 0.726589 0.609393 0.053316 0.040784
4 0.177862 0.650306 0.193663 0.041328
4 0.777513 0.569871 0.052042 0.040969
4 0.660952 0.529665 0.082660 0.041152
3 0.009971 0.531439 0.017534 0.033379
4 0.726658 0.529401 0.052376 0.041304
4 0.346271 0.530223 0.143175 0.041868
4 0.777498 0.650119 0.051221 0.040529
2 0.183152 0.106611 0.143068 0.039217
4 0.178239 0.570651 0.193528 0.042133
4 0.777542 0.609438 0.052098 0.040953
2 0.969510 0.105629 0.032077 0.039585
0 0.074813 0.766409 0.106969 0.039653
4 0.843378 0.609195 0.083334 0.040671
4 0.177600 0.530618 0.194151 0.041004
3 0.009719 0.610322 0.018380 0.034452
4 0.843726 0.569771 0.083480 0.041857
0 0.184171 0.764251 0.077808 0.038516
4 0.843529 0.529483 0.083156 0.041236
4 0.843665 0.649804 0.082806 0.042674
4 0.050093 0.609895 0.062825 0.040094
0 0.984396 0.383310 0.021524 0.045617
4 0.050145 0.570487 0.062638 0.041204
4 0.049577 0.649696 0.061872 0.039734
4 0.050230 0.530662 0.063187 0.040625
0 0.014191 0.975907 0.027842 0.040305
0 0.305183 0.764566 0.134351 0.038703
4 0.414016 0.891404 0.438341 0.096311
0 0.034208 0.383948 0.064306 0.038576
4 0.935749 0.569299 0.103031 0.043235
4 0.935964 0.609050 0.103999 0.042811
4 0.936368 0.649075 0.104177 0.042093
0 0.026087 0.029579 0.020802 0.041448
0 0.971125 0.031633 0.022588 0.044640
0 0.938250 0.031245 0.022260 0.044415
4 0.935389 0.529402 0.103763 0.042588
2 0.489739 0.489733 0.144402 0.038102
0 0.905437 0.030077 0.022112 0.042823
3 0.009382 0.649997 0.018512 0.035583
0 0.148907 0.253358 0.139604 0.037553
3 0.010092 0.492880 0.017078 0.039664