5 0.498939 0.533348 0.630127 0.434429
4 0.371354 0.522920 0.085277 0.038337
4 0.693142 0.619210 0.100366 0.038074
0 0.133165 0.171495 0.024095 0.044400
4 0.348722 0.476881 0.039404 0.038473
4 0.387853 0.157197 0.084994 0.040181
4 0.379878 0.571251 0.101428 0.039891
0 0.032120 0.172198 0.021340 0.042774
4 0.425994 0.619162 0.193500 0.039931
0 0.380491 0.915062 0.022762 0.038894
0 0.357207 0.914948 0.022581 0.038613
0 0.250395 0.915058 0.023896 0.039102
0 0.280066 0.915046 0.023144 0.038760
0 0.333810 0.914932 0.024320 0.039417
0 0.870946 0.977917 0.072318 0.039629
0 0.304046 0.914902 0.022492 0.038817
0 0.203445 0.915174 0.022008 0.037581
4 0.371658 0.429204 0.084763 0.037372
4 0.662573 0.429203 0.038570 0.037625
0 0.065297 0.096155 0.086928 0.031026
4 0.387518 0.204386 0.085535 0.040891
0 0.008491 0.172038 0.016948 0.042995
0 0.194939 0.096044 0.154112 0.033009
0 0.226979 0.914994 0.022259 0.037683
0 0.487373 0.916566 0.149196 0.045132
0 0.651261 0.096023 0.042583 0.029553
4 0.502860 0.252472 0.317354 0.040747
0 0.749151 0.096352 0.136010 0.032580
0 0.333605 0.095915 0.100595 0.031933
1 0.318444 0.810803 0.015078 0.029198
0 0.564541 0.096007 0.112203 0.032106
0 0.446813 0.096602 0.105912 0.031560
0 0.487791 0.204241 0.023882 0.040936
2 0.846461 0.096052 0.039317 0.030669
4 0.762766 0.619649 0.039385 0.039377
0 0.945629 0.976883 0.062109 0.036493
0 0.081605 0.171925 0.022075 0.042990
0 0.952913 0.095631 0.047352 0.032966
4 0.453639 0.204857 0.046769 0.042219
2 0.051504 0.172137 0.018982 0.042359
1 0.318651 0.847492 0.013951 0.026945
4 0.912526 0.914925 0.047228 0.041531
0 0.799553 0.346264 0.015031 0.031024
2 0.101497 0.171924 0.019099 0.042485
1 0.210257 0.848157 0.015385 0.029102
0 0.354098 0.719593 0.018078 0.030582
1 0.318464 0.773803 0.015553 0.029430
1 0.811911 0.156498 0.014991 0.027452
1 0.210427 0.810910 0.015011 0.029095
0 0.463563 0.718846 0.174421 0.036237
0 0.894908 0.027334 0.021819 0.036870
0 0.034975 0.027676 0.021530 0.037955
1 0.210457 0.774148 0.014894 0.029304
0 0.780815 0.720222 0.018994 0.035746
0 0.928399 0.029198 0.023234 0.040663
0 0.329127 0.718955 0.017917 0.033280
0 0.662358 0.719639 0.202465 0.035412
0 0.962960 0.029139 0.023905 0.041591
2 0.092853 0.277101 0.185706 0.037533