4 0.334921 0.398175 0.019974 0.036756
0 0.468379 0.913294 0.023540 0.035851
0 0.251081 0.656211 0.128905 0.040190
0 0.492649 0.913395 0.023233 0.035329
0 0.250947 0.741817 0.129419 0.040535
0 0.251558 0.269255 0.129795 0.038818
4 0.355583 0.355418 0.059979 0.036805
0 0.516706 0.912961 0.023587 0.035037
2 0.414422 0.485483 0.184442 0.041422
0 0.250609 0.827277 0.127610 0.039980
4 0.651126 0.355619 0.031038 0.037463
0 0.251143 0.613903 0.126547 0.040212
0 0.092378 0.154787 0.016929 0.038241
4 0.325739 0.226383 0.024802 0.036115
2 0.415977 0.528833 0.181076 0.040085
4 0.355569 0.441176 0.060827 0.036277
2 0.732519 0.085669 0.030482 0.028778
0 0.071709 0.155161 0.018492 0.039774
0 0.250364 0.784746 0.128280 0.038761
0 0.053379 0.086196 0.053856 0.029596
0 0.434063 0.086271 0.029290 0.026145
0 0.007447 0.154469 0.014894 0.039918
0 0.251300 0.699815 0.126257 0.039376
4 0.370408 0.142085 0.114016 0.038476
4 0.546505 0.141920 0.252791 0.041793
0 0.101868 0.591102 0.146697 0.027704
0 0.122730 0.086193 0.070975 0.030713
0 0.101944 0.421935 0.145982 0.027144
0 0.907859 0.976140 0.056324 0.033811
2 0.389595 0.184347 0.149786 0.037519
2 0.678128 0.086061 0.065813 0.028879
1 0.515642 0.183962 0.013136 0.030681
0 0.101880 0.455631 0.145399 0.026891
0 0.971673 0.086183 0.038707 0.031938
2 0.107204 0.154738 0.014399 0.037728
0 0.102419 0.691984 0.149633 0.026839
0 0.964424 0.976283 0.049437 0.031558
0 0.939287 0.086055 0.015069 0.029961
0 0.610707 0.086011 0.057537 0.028508
2 0.382993 0.914080 0.103054 0.036780
0 0.103113 0.352771 0.147731 0.026676
0 0.236558 0.086479 0.142927 0.031904
0 0.102371 0.658988 0.146565 0.026309
1 0.516034 0.226993 0.012203 0.026772
0 0.550461 0.085818 0.049901 0.027905
0 0.102795 0.386771 0.151076 0.027752
0 0.364139 0.086933 0.100691 0.030622
0 0.101950 0.522168 0.149594 0.026727
0 0.487238 0.085937 0.063754 0.028698
0 0.102107 0.625142 0.146489 0.027395
4 0.641864 0.398819 0.014228 0.035662
0 0.102992 0.556411 0.146587 0.028337
0 0.103302 0.319493 0.151023 0.027210
0 0.101884 0.488718 0.146186 0.027053
2 0.048005 0.155260 0.015660 0.039539
0 0.073367 0.759333 0.092488 0.026205
0 0.066592 0.827556 0.078440 0.024414
0 0.077797 0.286547 0.099810 0.027230
0 0.068457 0.251596 0.083206 0.028268
0 0.214493 0.942786 0.017768 0.016458
0 0.072194 0.860878 0.092941 0.024307
0 0.103482 0.725523 0.147602 0.027975
0 0.032381 0.155135 0.017092 0.039437
0 0.234950 0.943415 0.018132 0.016193
0 0.038196 0.024042 0.017811 0.038652
0 0.926075 0.024422 0.019247 0.040342
4 0.474978 0.142316 0.097309 0.034842
0 0.952139 0.024455 0.019450 0.040605
2 0.032322 0.154758 0.017100 0.039270
0 0.054691 0.793459 0.054646 0.023943
0 0.978318 0.024193 0.020419 0.042292