0 0.440221 0.144903 0.103532 0.075292
4 0.267052 0.660634 0.127242 0.053301
0 0.164976 0.417914 0.211957 0.233675
0 0.099852 0.233559 0.199526 0.065735
0 0.794248 0.268752 0.352507 0.099462
0 0.336928 0.230702 0.225809 0.068818
0 0.794303 0.492540 0.349448 0.094488
0 0.383122 0.420801 0.214015 0.230325
4 0.499784 0.229893 0.089356 0.073085
4 0.268187 0.727169 0.127062 0.054580
0 0.499926 0.230527 0.087091 0.075900
1 0.217594 0.660235 0.027939 0.047305
4 0.223451 0.143182 0.317109 0.067137
0 0.792035 0.383133 0.348083 0.094488
0 0.792773 0.606921 0.349558 0.099462
1 0.351032 0.866765 0.014749 0.027352
4 0.376844 0.792168 0.349558 0.047244