4 0.250808 0.424083 0.087585 0.036738
0 0.866421 0.977427 0.074525 0.038919
4 0.222526 0.666305 0.031883 0.037550
4 0.163028 0.181857 0.102700 0.035971
4 0.330927 0.473225 0.247574 0.037058
4 0.146689 0.230721 0.070391 0.036109
4 0.270297 0.715598 0.126895 0.036850
4 0.441719 0.424622 0.246891 0.037485
4 0.234515 0.618538 0.055669 0.034197
0 0.349701 0.327765 0.040827 0.039054
0 0.656219 0.423956 0.023840 0.040074
0 0.944153 0.977354 0.068439 0.037017
4 0.664328 0.229781 0.040350 0.038552
0 0.951392 0.096138 0.054985 0.041545
4 0.258413 0.181296 0.040101 0.038132
0 0.175612 0.325461 0.102158 0.038853
0 0.489911 0.325320 0.048451 0.040063
0 0.277569 0.325027 0.068595 0.039342
2 0.044796 0.094744 0.043835 0.037682
0 0.076442 0.324630 0.067893 0.040062
0 0.558235 0.325113 0.060250 0.039380
0 0.418388 0.325397 0.063724 0.040817
1 0.212501 0.568919 0.013531 0.026925
1 0.212528 0.519895 0.013548 0.026417
0 0.037944 0.025503 0.022697 0.039290
0 0.926377 0.027523 0.025375 0.042241
0 0.890984 0.026655 0.024805 0.041416
0 0.961651 0.026917 0.025285 0.042584