5 0.497830 0.498177 0.672406 0.929642
4 0.387000 0.235967 0.201318 0.036011
4 0.710204 0.235612 0.198707 0.035134
4 0.616758 0.583487 0.075724 0.041635
4 0.692188 0.583187 0.078315 0.041705
4 0.386738 0.350682 0.200943 0.034682
4 0.386656 0.274748 0.201768 0.034830
0 0.221431 0.109269 0.086723 0.033677
4 0.387953 0.313374 0.203430 0.034446
4 0.616695 0.544413 0.076723 0.040258
4 0.692186 0.622552 0.078003 0.040755
4 0.616678 0.622819 0.076530 0.040770
4 0.711173 0.274645 0.200492 0.033809
4 0.711806 0.313198 0.201961 0.033639
4 0.616770 0.662526 0.076337 0.041136
4 0.768453 0.622342 0.076532 0.040844
4 0.692412 0.662300 0.078101 0.041705
4 0.768263 0.582774 0.077119 0.042308
0 0.807808 0.183271 0.023108 0.034445
4 0.710207 0.351347 0.198728 0.033940
1 0.192043 0.704098 0.015682 0.029492
4 0.769430 0.544297 0.078707 0.040675
1 0.192211 0.542740 0.016140 0.031721
1 0.191177 0.743786 0.018539 0.031970
4 0.768144 0.661937 0.076601 0.041019
1 0.192222 0.663202 0.015511 0.029941
4 0.616707 0.505297 0.076337 0.041074
4 0.692432 0.544320 0.078506 0.040624
4 0.692140 0.702596 0.077488 0.042464
1 0.192059 0.583990 0.016682 0.031237
4 0.768162 0.702219 0.077412 0.042206
0 0.917757 0.964860 0.040876 0.029423
4 0.616493 0.702645 0.076000 0.042222
0 0.322255 0.109567 0.091648 0.032096
1 0.192090 0.503478 0.015611 0.030162
4 0.772749 0.505149 0.085876 0.041131
0 0.871544 0.964194 0.029784 0.028782
1 0.192050 0.623904 0.015717 0.030292
4 0.692511 0.504756 0.078451 0.041239
0 0.963297 0.965899 0.032871 0.028631
0 0.783247 0.939787 0.019051 0.034519
0 0.817531 0.936823 0.031719 0.026592
0 0.071893 0.024247 0.016627 0.029651
0 0.918843 0.744817 0.017770 0.029813
4 0.883513 0.744592 0.088922 0.035867
0 0.809050 0.877017 0.019068 0.041026
0 0.918482 0.707128 0.017687 0.029125
4 0.882518 0.706737 0.087225 0.035153
0 0.958527 0.080042 0.026688 0.027773
1 0.191954 0.463130 0.017210 0.030194
0 0.098192 0.025315 0.018049 0.030390
0 0.956125 0.024772 0.019325 0.028051
0 0.825840 0.964945 0.044854 0.027190
4 0.692348 0.743173 0.077619 0.042213
0 0.928418 0.023823 0.017228 0.028775
0 0.043104 0.023999 0.018878 0.030501
0 0.993982 0.968986 0.011960 0.031111
0 0.993735 0.081101 0.012330 0.026294
4 0.616463 0.742734 0.076352 0.041151
4 0.768673 0.743053 0.077545 0.042149
0 0.079585 0.199406 0.108776 0.036900
2 0.185902 0.836229 0.021509 0.027377
4 0.498709 0.876104 0.593043 0.038090