0 0.954149 0.091867 0.023065 0.035347
0 0.884638 0.250198 0.015678 0.028985
2 0.090702 0.166224 0.122734 0.033851
0 0.909724 0.249895 0.014966 0.028615
0 0.859394 0.250263 0.015004 0.028007
0 0.858473 0.090448 0.061786 0.033480
0 0.917875 0.091957 0.042167 0.033222
2 0.060978 0.091046 0.067847 0.033150
4 0.175600 0.462993 0.051500 0.041722
4 0.065385 0.625614 0.070790 0.041851
4 0.065279 0.463552 0.070898 0.040737
0 0.271135 0.166019 0.017882 0.030933
4 0.175822 0.422781 0.050962 0.042083
4 0.065425 0.504116 0.071369 0.041193
4 0.175671 0.503209 0.051671 0.041324
4 0.348485 0.165724 0.117046 0.031577
4 0.065409 0.665586 0.070553 0.041737
4 0.125632 0.463150 0.050554 0.041303
4 0.065571 0.422906 0.070414 0.042407
4 0.176070 0.665411 0.051152 0.041704
4 0.175717 0.625485 0.051646 0.041475
4 0.125998 0.665447 0.050875 0.041516
4 0.175583 0.380411 0.051384 0.040503
4 0.125892 0.422767 0.050784 0.042139
4 0.218735 0.165254 0.117996 0.030911
4 0.125516 0.625663 0.051222 0.041505
0 0.401369 0.165947 0.018009 0.031635
4 0.065500 0.543411 0.071191 0.042142
4 0.220694 0.422504 0.041691 0.041854
4 0.175513 0.341673 0.050726 0.040455
4 0.221060 0.463178 0.042325 0.041941
4 0.220933 0.625564 0.042053 0.041287
4 0.175673 0.543055 0.051769 0.041111
4 0.065365 0.867491 0.070449 0.040657
4 0.065573 0.584355 0.071853 0.043389
4 0.175645 0.585100 0.051387 0.042127
4 0.220777 0.665088 0.041754 0.041302
4 0.065236 0.705222 0.070372 0.040259
4 0.125419 0.503222 0.051162 0.041337
4 0.220843 0.380887 0.041701 0.040266
2 0.122347 0.250076 0.067520 0.032924
4 0.221252 0.503401 0.041987 0.041030
4 0.220896 0.584614 0.042304 0.042956
4 0.125902 0.583941 0.050860 0.043718
4 0.065446 0.380511 0.070977 0.041060
4 0.126006 0.380980 0.051147 0.041211
4 0.125777 0.705161 0.050731 0.040060
4 0.175923 0.704984 0.051087 0.040080
0 0.834406 0.250315 0.015845 0.026619
4 0.125440 0.543073 0.051289 0.041261
4 0.221269 0.543633 0.042109 0.042328
4 0.220968 0.705056 0.042103 0.041379
4 0.065456 0.827692 0.070469 0.041546
4 0.241460 0.094959 0.281575 0.031719
4 0.220917 0.342214 0.041551 0.040065
4 0.065458 0.907093 0.070487 0.041751
4 0.065511 0.745067 0.071074 0.041460
4 0.065787 0.950806 0.070607 0.040448
0 0.903162 0.026696 0.020134 0.034217
4 0.221317 0.827272 0.042584 0.041392
4 0.175818 0.745064 0.051600 0.041792
0 0.934822 0.250254 0.018277 0.029342
0 0.876102 0.026728 0.019719 0.034001
0 0.041262 0.026379 0.018146 0.033367
4 0.065584 0.787273 0.070946 0.043439
4 0.125439 0.907426 0.050743 0.041503
4 0.221117 0.745184 0.041853 0.042001
4 0.125583 0.827733 0.051351 0.041013
4 0.175731 0.827674 0.051708 0.041215
0 0.848221 0.025556 0.019807 0.034492
4 0.125563 0.744778 0.051549 0.041344
4 0.126189 0.341584 0.051546 0.039335
4 0.175863 0.788210 0.051174 0.041137
4 0.125729 0.951047 0.050524 0.039794
0 0.930441 0.026968 0.020043 0.035040
0 0.372355 0.092329 0.019293 0.032110
2 0.954915 0.250874 0.019947 0.030418
0 0.958961 0.025481 0.019502 0.035603
4 0.221198 0.788338 0.041799 0.040888
4 0.221423 0.950857 0.041879 0.039116
4 0.175551 0.950109 0.050305 0.039712
4 0.175608 0.907054 0.050967 0.041429
4 0.220892 0.907321 0.041715 0.041610
4 0.125557 0.867334 0.051245 0.040291
4 0.861924 0.907991 0.167788 0.043671
4 0.863224 0.665328 0.170383 0.042639
4 0.861966 0.705134 0.168750 0.041607
4 0.863672 0.867466 0.170922 0.043019
4 0.125600 0.786979 0.051124 0.043511
4 0.863509 0.744667 0.170638 0.043046
4 0.862098 0.827466 0.168814 0.042176
4 0.958859 0.665350 0.022254 0.041047
4 0.959022 0.827531 0.022193 0.040197
4 0.863825 0.951594 0.170626 0.037837
4 0.220850 0.867619 0.041866 0.040883
4 0.176137 0.867528 0.051114 0.040958
4 0.958859 0.789745 0.021752 0.037043
4 0.863069 0.785831 0.169615 0.045174
4 0.958570 0.906373 0.023277 0.040342
4 0.509907 0.463488 0.536904 0.041922
4 0.958815 0.867470 0.022363 0.040318
4 0.861258 0.626372 0.167352 0.042194
4 0.064696 0.340041 0.069053 0.034093
2 0.153526 0.026649 0.101904 0.044583
0 0.957696 0.343320 0.022124 0.040649
4 0.824283 0.343975 0.089166 0.039338
4 0.823947 0.383313 0.089836 0.044583
4 0.823277 0.423962 0.089836 0.036715
4 0.822942 0.463300 0.089166 0.039338
4 0.822942 0.502638 0.090507 0.041960
4 0.822942 0.543943 0.089166 0.043272
4 0.823947 0.585904 0.089836 0.038027
4 0.908085 0.342008 0.074417 0.038027
4 0.958702 0.946501 0.021453 0.038027
4 0.957361 0.747189 0.021453 0.040649
4 0.958032 0.705884 0.022794 0.041960
4 0.957361 0.623930 0.022794 0.038027
4 0.908085 0.583937 0.077098 0.039338
4 0.907415 0.546566 0.079780 0.038027
4 0.907080 0.505916 0.077769 0.040649
4 0.907415 0.461989 0.077098 0.036715
4 0.908085 0.424618 0.078439 0.038027
4 0.908420 0.383969 0.076428 0.040649
4 0.958367 0.385280 0.019442 0.038027
4 0.959037 0.425274 0.022124 0.039338
4 0.957696 0.464612 0.022124 0.039338
4 0.958702 0.503950 0.022794 0.036715
4 0.958367 0.544599 0.020783 0.039338
4 0.958367 0.583937 0.022124 0.039338
4 0.509855 0.950435 0.535666 0.045894
4 0.509855 0.907819 0.535666 0.036715
4 0.509185 0.868481 0.537007 0.039338
4 0.509520 0.826521 0.536337 0.039338
4 0.509855 0.788494 0.535666 0.036715
4 0.509855 0.747845 0.535666 0.039338
4 0.508514 0.705229 0.535666 0.040649
4 0.509520 0.664579 0.534996 0.035404
4 0.509185 0.627864 0.535666 0.038027
4 0.510861 0.585904 0.537678 0.043272
4 0.510190 0.545254 0.537678 0.040649
4 0.510190 0.504605 0.536337 0.038027
4 0.510526 0.341353 0.537007 0.036715
4 0.510190 0.383969 0.537678 0.040649
4 0.509520 0.421340 0.536337 0.039338