0 0.913568 0.221034 0.026262 0.048316
0 0.896824 0.097095 0.035854 0.042554
0 0.929577 0.025591 0.017436 0.029788
0 0.940368 0.095972 0.035280 0.033789
0 0.902354 0.025594 0.017646 0.027729
0 0.836193 0.220892 0.054195 0.046695
0 0.961418 0.025133 0.020893 0.034517
0 0.117772 0.370023 0.157292 0.047261
0 0.846660 0.024431 0.016237 0.029179
0 0.874451 0.025433 0.016053 0.029175
0 0.883452 0.221513 0.027306 0.047217
0 0.185425 0.220698 0.020687 0.041088
0 0.209239 0.635188 0.021185 0.033523
4 0.107018 0.218967 0.134394 0.043302
0 0.032864 0.023308 0.014389 0.030095
1 0.244108 0.532483 0.016389 0.031203
1 0.244149 0.283821 0.016969 0.034620
1 0.244425 0.469361 0.016903 0.029572
0 0.241582 0.987334 0.052129 0.017907
1 0.244421 0.790063 0.017311 0.034298
0 0.178533 0.988548 0.052861 0.016267
1 0.243818 0.724215 0.018213 0.033470
0 0.114168 0.988573 0.055292 0.016538
1 0.243997 0.662316 0.016642 0.028275
1 0.243828 0.339070 0.017480 0.030738
0 0.188233 0.294311 0.013120 0.024236
0 0.932861 0.985496 0.098911 0.022337
1 0.243887 0.404868 0.017716 0.032154
1 0.244046 0.853723 0.016595 0.029251
0 0.049189 0.988519 0.055165 0.016251
0 0.867781 0.986372 0.023873 0.018882
1 0.243897 0.597297 0.016931 0.031940
0 0.161865 0.293056 0.033883 0.024435