4 0.238897 0.187931 0.031740 0.033354
1 0.230924 0.382319 0.012489 0.024755
0 0.971252 0.963429 0.041599 0.032594
4 0.238754 0.264952 0.031046 0.033694
0 0.452379 0.382487 0.147095 0.034538
0 0.451796 0.421317 0.146288 0.035298
4 0.264026 0.887760 0.082731 0.034613
4 0.266994 0.226151 0.088147 0.031991
4 0.263407 0.692863 0.082603 0.034858
2 0.304924 0.079983 0.035716 0.026270
4 0.395485 0.265686 0.031622 0.035594
4 0.395483 0.188448 0.032629 0.033479
4 0.263849 0.848116 0.082571 0.032871
4 0.257213 0.536957 0.069551 0.033992
4 0.368185 0.810005 0.289172 0.031592
0 0.144162 0.079914 0.081306 0.026206
4 0.424080 0.227831 0.090165 0.034149
4 0.414652 0.536876 0.069404 0.034007
0 0.235927 0.080406 0.075994 0.027035
0 0.511119 0.227352 0.025948 0.033311
0 0.510131 0.266082 0.023266 0.034615
1 0.230891 0.420860 0.013042 0.026119
0 0.452075 0.653882 0.145102 0.034374
0 0.052096 0.079980 0.071712 0.027941
0 0.510942 0.188357 0.025613 0.035817
0 0.294690 0.265706 0.030088 0.028568
1 0.230544 0.343043 0.013522 0.025521
4 0.343154 0.693637 0.077147 0.033390
1 0.230676 0.654255 0.013516 0.025520
0 0.451458 0.344890 0.144354 0.036306
0 0.510277 0.693366 0.024213 0.034448
0 0.510456 0.306222 0.023772 0.035625
0 0.903094 0.025989 0.019529 0.033554
0 0.930073 0.026085 0.018971 0.034632
4 0.251517 0.305625 0.056895 0.034246
0 0.875673 0.025434 0.020234 0.034244
0 0.969723 0.080436 0.022635 0.028288
0 0.958438 0.025581 0.026827 0.041034
0 0.041240 0.025377 0.018493 0.033742
1 0.230443 0.924701 0.013104 0.025385
4 0.420625 0.693651 0.082644 0.031996
4 0.409145 0.305701 0.056047 0.028568