0 0.257339 0.095623 0.020545 0.038094
0 0.282670 0.095885 0.019451 0.037944
0 0.308633 0.095912 0.020034 0.038401
0 0.593339 0.096522 0.021884 0.041514
0 0.265759 0.212342 0.021279 0.035862
0 0.236438 0.211877 0.024376 0.038085
0 0.392237 0.210665 0.023466 0.037561
0 0.502967 0.097278 0.023342 0.042167
0 0.224641 0.094880 0.021203 0.039906
0 0.451470 0.097242 0.023183 0.040870
0 0.174401 0.026694 0.039688 0.027532
0 0.422053 0.210223 0.022703 0.037551
0 0.329338 0.212094 0.020644 0.039497
0 0.477215 0.097290 0.022457 0.040856
2 0.112477 0.092493 0.144756 0.044050
0 0.124310 0.027599 0.032801 0.027687
0 0.548977 0.212044 0.020937 0.039256
0 0.200799 0.211414 0.023926 0.039996
0 0.245489 0.026510 0.076202 0.027784
0 0.321977 0.026667 0.051442 0.027672
0 0.451025 0.211050 0.024729 0.040045
0 0.561350 0.097032 0.024465 0.042769
0 0.425893 0.096903 0.023196 0.042692
0 0.081135 0.027042 0.026981 0.028497
0 0.200831 0.094846 0.022678 0.041107
0 0.383134 0.026809 0.045829 0.026874
0 0.534930 0.097953 0.024417 0.043039
0 0.358031 0.212167 0.022589 0.039735
0 0.301432 0.212313 0.021360 0.038797
0 0.029107 0.025809 0.051168 0.030538
1 0.019376 0.534077 0.012263 0.021989
0 0.619723 0.096435 0.024176 0.041764
0 0.434967 0.027396 0.031532 0.028728
0 0.485035 0.211618 0.017268 0.040726
0 0.578200 0.211467 0.020151 0.037362
0 0.019633 0.096366 0.022009 0.040957
0 0.691460 0.212507 0.021707 0.041476
0 0.514397 0.211992 0.023848 0.042059
1 0.019412 0.562408 0.012263 0.021638
0 0.144098 0.210322 0.026051 0.046197
0 0.025894 0.212442 0.020013 0.037827
0 0.079834 0.212040 0.020876 0.038779
0 0.341682 0.097066 0.021647 0.042211
0 0.367468 0.097013 0.022892 0.043777
0 0.393399 0.096466 0.021505 0.042773
0 0.107785 0.211298 0.021236 0.040538
1 0.019365 0.591538 0.012840 0.024677
0 0.052039 0.212865 0.020105 0.038598
0 0.173641 0.211283 0.022512 0.040559
1 0.019477 0.622978 0.013685 0.025964
1 0.019555 0.504107 0.012750 0.024123
0 0.624934 0.211718 0.068643 0.039315