4 0.294826 0.344529 0.039961 0.043764
0 0.634039 0.345189 0.031675 0.044319
2 0.080123 0.157306 0.132691 0.041629
0 0.149934 0.023835 0.031740 0.031498
0 0.634385 0.294644 0.031671 0.045050
4 0.357108 0.590511 0.168686 0.043954
0 0.111436 0.023588 0.027596 0.032246
2 0.496838 0.158454 0.051418 0.034505
4 0.293566 0.296843 0.037106 0.038142
0 0.062435 0.024736 0.050885 0.033103
0 0.197728 0.023418 0.043741 0.030381
4 0.326454 0.933485 0.104690 0.043678
4 0.294398 0.394195 0.039405 0.042084
4 0.489432 0.343575 0.041318 0.043559
4 0.290969 0.442672 0.033207 0.042588
4 0.489099 0.296475 0.040981 0.043004
0 0.245215 0.024136 0.031165 0.033834
0 0.214536 0.159533 0.109818 0.033780
0 0.370951 0.159566 0.164857 0.037281
0 0.019967 0.021959 0.019079 0.030687
4 0.290570 0.639617 0.032619 0.041642
0 0.321910 0.296722 0.017492 0.038401
3 0.281612 0.837261 0.017007 0.034619
0 0.025810 0.084535 0.019209 0.037698
3 0.282012 0.885218 0.016994 0.034638
3 0.281938 0.787087 0.015884 0.032092