4 0.560133 0.590595 0.166547 0.045082
0 0.163023 0.024351 0.031187 0.030981
0 0.169772 0.158771 0.020047 0.030944
2 0.079805 0.157259 0.132923 0.041217
0 0.211858 0.023807 0.045818 0.029799
4 0.286498 0.442787 0.055516 0.041664
4 0.277432 0.392558 0.037689 0.040019
0 0.266828 0.023232 0.045179 0.032205
0 0.124346 0.023255 0.027814 0.032104
0 0.238080 0.158368 0.087212 0.032209
4 0.497663 0.392752 0.040524 0.043009
4 0.497545 0.442434 0.040598 0.044947
0 0.402050 0.023703 0.043591 0.031461
0 0.334357 0.023467 0.071381 0.032415
4 0.278631 0.491787 0.039323 0.042658
2 0.429236 0.158738 0.050751 0.034188
4 0.505658 0.541263 0.056523 0.043195
4 0.153549 0.247334 0.040329 0.041460
0 0.069054 0.023773 0.061137 0.033994
4 0.486838 0.247665 0.203645 0.047382
4 0.278741 0.884342 0.039525 0.043162
4 0.149819 0.295904 0.032934 0.039983
0 0.378673 0.159240 0.020318 0.035570
4 0.266883 0.786170 0.019114 0.043854
4 0.360678 0.296202 0.048204 0.043489
4 0.278235 0.835952 0.040106 0.042312
1 0.266760 0.590325 0.015808 0.029890
1 0.320885 0.981406 0.015610 0.028682
0 0.449778 0.024985 0.030890 0.033906
0 0.305738 0.393755 0.018381 0.038704
4 0.270731 0.932694 0.023400 0.040404
0 0.307536 0.158309 0.016670 0.033885
1 0.266839 0.637560 0.015555 0.029190
1 0.320879 0.884045 0.016869 0.032329
1 0.266518 0.541282 0.014807 0.030291
4 0.575510 0.296205 0.025226 0.043663
1 0.320615 0.932945 0.015820 0.031534
4 0.489557 0.492089 0.025275 0.041853
1 0.320615 0.787242 0.015021 0.027907
0 0.341946 0.158679 0.019024 0.036221
0 0.019981 0.021829 0.019081 0.030841
4 0.279086 0.978853 0.039656 0.039603
0 0.025643 0.084303 0.019065 0.035660
1 0.320472 0.834738 0.017172 0.032407
4 0.480012 0.296328 0.192691 0.044535