2 0.506670 0.158695 0.050900 0.035749
2 0.079821 0.157492 0.133187 0.041743
0 0.159473 0.023553 0.031711 0.031832
4 0.247885 0.344562 0.086911 0.044352
4 0.223613 0.392932 0.040337 0.041530
0 0.206692 0.024093 0.044494 0.031026
0 0.067134 0.024060 0.059708 0.032613
0 0.208629 0.159359 0.100756 0.033493
4 0.223836 0.442357 0.040407 0.044685
0 0.311467 0.159114 0.072912 0.033198
0 0.254087 0.024272 0.030899 0.032454
0 0.120198 0.023618 0.025909 0.032971
0 0.415474 0.159629 0.105099 0.036701
0 0.019958 0.021918 0.018771 0.030203
0 0.025773 0.084536 0.019089 0.037395