0 0.117838 0.937290 0.020245 0.033911
2 0.224848 0.829267 0.052095 0.031568
0 0.233627 0.937325 0.021630 0.037197
4 0.186109 0.435020 0.115583 0.032508
0 0.287671 0.937203 0.021138 0.034359
0 0.220422 0.077582 0.014671 0.026825
0 0.070779 0.936820 0.019808 0.033747
4 0.185948 0.469084 0.116291 0.032156
0 0.050168 0.937480 0.021206 0.034335
0 0.113702 0.269903 0.052590 0.030743
4 0.395537 0.368035 0.117565 0.033828
1 0.043004 0.829865 0.025416 0.031142
4 0.189951 0.334027 0.119845 0.032513
0 0.119620 0.181936 0.083571 0.027201
2 0.224883 0.797932 0.052086 0.032795
4 0.165427 0.602840 0.074992 0.032807
0 0.203831 0.269971 0.032638 0.030644
4 0.284585 0.467901 0.040793 0.031585
0 0.092032 0.936602 0.021179 0.034508
0 0.266623 0.936903 0.020947 0.034727
0 0.175062 0.032680 0.032016 0.023556
4 0.165360 0.400788 0.075332 0.032369
4 0.165951 0.367106 0.074656 0.031792
0 0.189267 0.181824 0.038580 0.024886
0 0.238441 0.077982 0.015657 0.028278
4 0.283646 0.536308 0.310669 0.033102
0 0.164211 0.269658 0.044947 0.030697
0 0.260309 0.077495 0.017620 0.028781
2 0.225368 0.860840 0.051695 0.032608
2 0.094290 0.077306 0.115388 0.032259
0 0.023459 0.938327 0.023365 0.036959
4 0.310252 0.800124 0.120413 0.034131
0 0.240780 0.269483 0.041104 0.030370
0 0.212708 0.937582 0.021170 0.036758
2 0.344933 0.501830 0.162041 0.033733
0 0.393625 0.077334 0.016803 0.027959
4 0.091279 0.800112 0.072720 0.033814
0 0.203133 0.077270 0.014855 0.026560
0 0.247227 0.182059 0.055949 0.025747
0 0.148748 0.937573 0.040672 0.034372
0 0.303075 0.181169 0.037754 0.026818
4 0.091346 0.830746 0.072707 0.031772
4 0.091491 0.767503 0.072255 0.034327
4 0.585954 0.234676 0.127459 0.033849
0 0.278255 0.077490 0.015274 0.028336
0 0.179667 0.937576 0.020899 0.034873
0 0.040769 0.181718 0.052959 0.026642
0 0.335315 0.076887 0.015461 0.026450
4 0.186109 0.502344 0.115811 0.032968
0 0.295996 0.077216 0.017127 0.027890
4 0.310563 0.767749 0.120759 0.034457
0 0.945263 0.015115 0.013134 0.026929
2 0.246508 0.234429 0.157203 0.033080
0 0.373170 0.181785 0.083314 0.027020
0 0.055817 0.269936 0.059983 0.030133
0 0.135859 0.033996 0.025880 0.023915
0 0.221542 0.032511 0.040910 0.024025
4 0.091719 0.861415 0.071766 0.032108
0 0.179359 0.076750 0.015635 0.027623
0 0.411520 0.077115 0.017278 0.027447
1 0.042851 0.861343 0.025592 0.031193
0 0.369068 0.077601 0.015649 0.027196
4 0.310287 0.861031 0.119727 0.032002
1 0.042991 0.798468 0.025507 0.030961
4 0.311038 0.830669 0.119078 0.031818
4 0.661456 0.799681 0.086745 0.032983
4 0.554747 0.767599 0.102505 0.032848
0 0.352300 0.077692 0.014743 0.026625
4 0.660778 0.767905 0.087962 0.034207
4 0.553787 0.799718 0.106883 0.033676
0 0.434220 0.076463 0.015118 0.026759
2 0.224799 0.766495 0.052005 0.031869
0 0.316986 0.076787 0.015439 0.026905
0 0.101547 0.033830 0.022846 0.026141
4 0.553294 0.860654 0.105862 0.032395
1 0.042976 0.766609 0.024789 0.031701
4 0.661168 0.860620 0.086932 0.029381
0 0.283781 0.033541 0.062280 0.025147
4 0.661211 0.830558 0.086601 0.031308
4 0.554740 0.830094 0.105381 0.032516
0 0.958941 0.014631 0.012935 0.025914
0 0.022931 0.076906 0.016260 0.027843
0 0.342306 0.033522 0.037522 0.024139
1 0.612183 0.860085 0.012201 0.026944
0 0.053876 0.032406 0.052732 0.023598
4 0.345070 0.332892 0.015507 0.033809
0 0.930705 0.015437 0.015257 0.028281
0 0.952913 0.984165 0.016948 0.022676
4 0.492017 0.860522 0.018890 0.030723
4 0.491481 0.799488 0.018693 0.032970
0 0.452252 0.076119 0.016096 0.026544
4 0.491746 0.830103 0.018830 0.030932
4 0.491699 0.767180 0.018798 0.031805
1 0.612713 0.799138 0.012292 0.025813
1 0.612177 0.829762 0.011974 0.027483
1 0.612734 0.768539 0.012419 0.026535
0 0.162795 0.076848 0.013703 0.027389
0 0.978806 0.983929 0.016695 0.024380
0 0.016146 0.028126 0.016419 0.023804
0 0.683519 0.888680 0.012664 0.023779
0 0.695080 0.888509 0.015353 0.024114
4 0.710471 0.802351 0.013571 0.031228
0 0.018956 0.983750 0.014010 0.025954
0 0.384925 0.034323 0.025692 0.026834
0 0.255401 0.335622 0.012509 0.029584
1 0.344559 0.467535 0.009833 0.016258