4 0.410170 0.373746 0.438264 0.149067
0 0.233530 0.684551 0.017559 0.043229
0 0.253547 0.860450 0.110971 0.040248
0 0.013696 0.971505 0.024582 0.041739
0 0.961112 0.970760 0.069435 0.043229
0 0.949293 0.633879 0.016784 0.037781
0 0.904282 0.029926 0.018309 0.038860
0 0.937850 0.029926 0.019327 0.041019
0 0.971926 0.027767 0.019327 0.043178
0 0.049079 0.105488 0.087987 0.038860
0 0.023141 0.027767 0.018818 0.032384
0 0.038399 0.252293 0.042213 0.041019
0 0.145967 0.250674 0.139355 0.048575
4 0.217679 0.685153 0.050860 0.038860
4 0.834859 0.633879 0.245652 0.039940
2 0.765182 0.684074 0.162242 0.038860
2 0.180806 0.108726 0.140881 0.038860
2 0.320161 0.104948 0.103245 0.039940
2 0.969637 0.104408 0.028990 0.034542
1 0.196572 0.734808 0.011698 0.023748