4 0.250688 0.711923 0.103489 0.037398
4 0.234909 0.615692 0.071914 0.036860
4 0.146854 0.229869 0.071134 0.037484
4 0.219010 0.567121 0.039920 0.038671
4 0.218745 0.421646 0.039803 0.039439
4 0.163296 0.180331 0.104046 0.036874
4 0.218946 0.470799 0.039935 0.038302
0 0.867614 0.973279 0.074929 0.037687
4 0.219002 0.518109 0.039756 0.037762
4 0.665525 0.229000 0.038968 0.038714
4 0.258976 0.180221 0.040112 0.038768
0 0.278392 0.326199 0.062624 0.038429
0 0.952236 0.094020 0.054169 0.038566
0 0.946000 0.972889 0.065142 0.036491
2 0.044919 0.093824 0.043020 0.033395
0 0.175614 0.325352 0.101335 0.039738
0 0.419781 0.324707 0.062644 0.041113
0 0.490533 0.325482 0.049170 0.041063
0 0.350972 0.325313 0.045223 0.038922
0 0.556930 0.325289 0.055981 0.039707
0 0.076376 0.323988 0.066185 0.039215
0 0.038007 0.025582 0.022387 0.040012
0 0.927487 0.027287 0.025344 0.042707
0 0.891822 0.027356 0.024617 0.040910
0 0.963477 0.026676 0.025380 0.042911