0 0.280582 0.900715 0.022784 0.043628
2 0.216500 0.104949 0.038317 0.033702
0 0.043915 0.900911 0.022766 0.043822
0 0.623623 0.900540 0.023547 0.043590
0 0.531942 0.900537 0.025104 0.047479
4 0.421827 0.200462 0.047741 0.045820
4 0.197708 0.363264 0.086416 0.046737
2 0.167123 0.469966 0.146120 0.047490
0 0.592783 0.200420 0.023057 0.044753
0 0.600350 0.900688 0.021741 0.042007
4 0.478172 0.362734 0.132668 0.048122
0 0.257539 0.901264 0.022421 0.042745
4 0.477722 0.416693 0.132948 0.048525
0 0.577189 0.900534 0.023733 0.044103
0 0.066911 0.900621 0.022599 0.043962
4 0.197066 0.416614 0.085979 0.046711
4 0.356770 0.200721 0.086934 0.046641
2 0.235533 0.201184 0.147523 0.047371
4 0.734635 0.363499 0.198742 0.049887
0 0.978272 0.106393 0.043456 0.036700
0 0.646189 0.200411 0.024398 0.045080
4 0.734639 0.417411 0.198717 0.051608
2 0.082836 0.201490 0.147059 0.045419
2 0.146667 0.105670 0.084670 0.036148
0 0.021026 0.307913 0.023859 0.046581
0 0.352467 0.900411 0.108437 0.046490
0 0.917995 0.105847 0.060297 0.036310
0 0.461642 0.900721 0.106002 0.048651
0 0.054066 0.106687 0.086304 0.036734
4 0.870583 0.200869 0.030650 0.045035
4 0.165499 0.901030 0.162717 0.048670
0 0.616202 0.200359 0.023836 0.044926
4 0.893788 0.200920 0.017994 0.045269
0 0.571478 0.684454 0.020929 0.039571
0 0.084157 0.310108 0.059124 0.044501
0 0.220486 0.309657 0.019043 0.039867
0 0.162230 0.310396 0.063216 0.040454
4 0.208742 0.770848 0.261490 0.047487
4 0.208532 0.726465 0.263472 0.043712
1 0.357367 0.684805 0.015842 0.035612
4 0.208193 0.813152 0.261896 0.045778
0 0.988841 0.031763 0.021058 0.046015
0 0.039327 0.472139 0.014915 0.033201
4 0.467091 0.768834 0.124558 0.046660
0 0.024880 0.029289 0.020632 0.044093
0 0.921291 0.029495 0.023107 0.044456
4 0.467676 0.726021 0.126910 0.042870
1 0.077198 0.470868 0.015865 0.037688
0 0.954533 0.032022 0.024131 0.047031
4 0.207318 0.683660 0.265042 0.045561
4 0.642885 0.725080 0.119214 0.044387
4 0.642857 0.767565 0.118686 0.048119
4 0.468654 0.684503 0.125670 0.045923
4 0.642929 0.684145 0.119780 0.045729
1 0.389531 0.684616 0.020416 0.036846
4 0.467060 0.810338 0.124140 0.033935
4 0.641593 0.811696 0.119223 0.042079