0 0.109417 0.907792 0.024768 0.033592
4 0.222833 0.437108 0.140198 0.033827
0 0.344688 0.907749 0.024737 0.034895
4 0.198252 0.301645 0.092208 0.032228
0 0.084620 0.907666 0.023815 0.033170
4 0.223048 0.369098 0.139829 0.032886
0 0.059746 0.907595 0.025450 0.034810
0 0.492021 0.076577 0.020290 0.028340
2 0.268823 0.796284 0.063062 0.032312
0 0.214564 0.076147 0.018477 0.027470
4 0.259076 0.402426 0.214237 0.033089
0 0.280265 0.907694 0.025689 0.036463
0 0.136319 0.236341 0.055231 0.031055
2 0.268873 0.668391 0.063025 0.032143
0 0.222322 0.180325 0.043634 0.025624
4 0.198010 0.334501 0.090973 0.031664
2 0.269066 0.827122 0.062789 0.032479
0 0.140625 0.181632 0.095036 0.026309
0 0.254811 0.907833 0.024811 0.035968
0 0.027302 0.907372 0.026227 0.036704
0 0.319910 0.907756 0.025370 0.036113
0 0.444504 0.076347 0.019464 0.028075
4 0.707181 0.437148 0.262336 0.034093
4 0.706693 0.334929 0.260847 0.034896
2 0.269055 0.700232 0.063358 0.032592
4 0.424495 0.732895 0.250359 0.033204
0 0.264044 0.077212 0.017655 0.028174
0 0.401560 0.076312 0.019081 0.027862
4 0.424566 0.764638 0.247781 0.033747
0 0.214716 0.907519 0.025178 0.034201
4 0.109453 0.700557 0.089352 0.033640
0 0.353994 0.180448 0.043535 0.026263
4 0.883621 0.764768 0.129516 0.033775
4 0.883907 0.732558 0.130337 0.033807
4 0.882972 0.700458 0.128813 0.033757
0 0.380196 0.075884 0.020448 0.027890
4 0.381289 0.301723 0.050375 0.033332
0 0.285225 0.077222 0.019262 0.028592
2 0.111960 0.078280 0.138671 0.032695
4 0.108874 0.764679 0.089012 0.033502
0 0.470430 0.077003 0.020638 0.027703
0 0.520276 0.075827 0.019308 0.028110
4 0.883115 0.796250 0.128515 0.032927
0 0.243017 0.077140 0.018476 0.028383
4 0.108841 0.796157 0.088132 0.032298
0 0.288026 0.180245 0.062163 0.026065
4 0.425513 0.668885 0.248379 0.032195
2 0.268848 0.764351 0.062607 0.032565
4 0.109435 0.732682 0.088213 0.033333
4 0.108941 0.668221 0.087638 0.033142
0 0.072051 0.235684 0.068405 0.028332
1 0.953047 0.669208 0.014056 0.025259
0 0.140352 0.908290 0.025080 0.033862
1 0.953838 0.827091 0.014492 0.023775
2 0.269075 0.732405 0.063046 0.033988
0 0.423148 0.076497 0.018720 0.028063
0 0.177477 0.907883 0.048638 0.034109
1 0.051152 0.765305 0.029349 0.031525
0 0.437472 0.181015 0.096653 0.026980
1 0.953614 0.764590 0.015700 0.027557
1 0.051346 0.733150 0.029744 0.032644
0 0.311674 0.077076 0.020916 0.028991
4 0.883621 0.668362 0.129533 0.032473
0 0.048556 0.181303 0.062021 0.027094
1 0.953683 0.732806 0.015304 0.027435
4 0.425798 0.796378 0.249139 0.032087
1 0.051262 0.668818 0.029036 0.031489
0 0.354055 0.076407 0.019671 0.029593
1 0.051533 0.827117 0.030124 0.029927
0 0.332642 0.076824 0.018630 0.029176
4 0.424854 0.827341 0.246992 0.030835
4 0.425962 0.701250 0.253718 0.032870
1 0.051268 0.701066 0.029565 0.031417
1 0.051239 0.796529 0.029726 0.030332
4 0.882276 0.826709 0.128740 0.031723
0 0.194495 0.075996 0.017086 0.026777
4 0.108930 0.826825 0.088162 0.031369
1 0.953644 0.701502 0.014574 0.026405
0 0.540792 0.075676 0.017781 0.027231
4 0.808972 0.764838 0.021950 0.032009
4 0.808872 0.795751 0.022014 0.030207
4 0.808923 0.827142 0.021902 0.031982
1 0.953905 0.795862 0.015284 0.026865
4 0.809056 0.700357 0.022136 0.031173
4 0.809004 0.668478 0.022422 0.032026
4 0.809108 0.732837 0.022235 0.032620
0 0.027394 0.077434 0.019930 0.028412
4 0.971589 0.764420 0.022748 0.032319
4 0.971606 0.731929 0.023156 0.031078
4 0.971549 0.699402 0.022738 0.031676
4 0.971543 0.797668 0.022441 0.031403
0 0.018082 0.026943 0.017081 0.025498
4 0.971630 0.826816 0.021860 0.027841
0 0.961442 0.980119 0.013869 0.023956
0 0.990717 0.666095 0.016654 0.025234
4 0.971234 0.667789 0.021321 0.027838
0 0.590359 0.856112 0.013197 0.022144