4 0.328020 0.480833 0.486464 0.297479
4 0.773318 0.754349 0.164905 0.040843
0 0.024692 0.962479 0.028768 0.034917
4 0.716086 0.847879 0.049180 0.039558
4 0.739655 0.893745 0.095977 0.039907
0 0.955336 0.961806 0.074066 0.039227
4 0.311721 0.706423 0.249807 0.038686
4 0.231782 0.800362 0.094131 0.038054
0 0.068914 0.868378 0.033508 0.038868
0 0.069792 0.096473 0.105100 0.033276
4 0.247029 0.754217 0.123063 0.039689
4 0.739206 0.800787 0.096261 0.038590
0 0.183458 0.095812 0.091038 0.033872
0 0.033313 0.868102 0.034897 0.039604
0 0.086687 0.282398 0.112959 0.044877
2 0.729919 0.096292 0.110089 0.033261
2 0.443836 0.096205 0.104570 0.032300
0 0.766506 0.279185 0.154246 0.041824
2 0.310009 0.095992 0.131307 0.034991
2 0.585943 0.096141 0.148300 0.035465
0 0.226909 0.279377 0.141353 0.039268
0 0.381235 0.279532 0.139253 0.040904
2 0.963465 0.097421 0.034125 0.036225
0 0.492752 0.279530 0.060758 0.042616
0 0.571861 0.279504 0.071923 0.043009
0 0.899513 0.280327 0.083796 0.043162
0 0.648745 0.280183 0.053692 0.043455
0 0.777667 0.893891 0.018229 0.036714
0 0.350719 0.893650 0.016148 0.033399
0 0.778304 0.801690 0.016566 0.033707
0 0.275661 0.867868 0.015265 0.028627
0 0.036675 0.027686 0.022735 0.039221
0 0.931126 0.028844 0.023203 0.041563
0 0.897418 0.028255 0.022982 0.039903
0 0.028110 0.921243 0.017600 0.031882
0 0.965090 0.028178 0.025453 0.042086
0 0.302165 0.866835 0.015782 0.027496
0 0.732654 0.846406 0.018597 0.037001
0 0.270515 0.799132 0.016761 0.034814