0 0.280839 0.224217 0.022924 0.042574
0 0.599355 0.223865 0.022043 0.041409
0 0.068440 0.875951 0.022621 0.039629
0 0.068563 0.224208 0.022732 0.043157
0 0.622412 0.224082 0.022726 0.041602
0 0.530511 0.224561 0.026014 0.045534
0 0.045567 0.224015 0.022808 0.042329
0 0.258071 0.224067 0.022506 0.041634
2 0.217151 0.103432 0.038098 0.034624
0 0.045650 0.875901 0.022286 0.039702
0 0.022647 0.323688 0.023079 0.042147
4 0.268710 0.526852 0.137649 0.046681
4 0.269052 0.627189 0.138653 0.045755
0 0.576663 0.224343 0.022407 0.041357
4 0.268983 0.375994 0.138953 0.043362
0 0.459330 0.224327 0.107576 0.044060
4 0.166696 0.224526 0.159955 0.044769
0 0.352661 0.224489 0.107486 0.043675
4 0.269370 0.677125 0.139732 0.043912
0 0.703816 0.971869 0.062872 0.039923
4 0.270104 0.424016 0.136725 0.042958
0 0.914423 0.102863 0.060889 0.035631
0 0.975409 0.102924 0.048010 0.035345
2 0.147906 0.102794 0.083161 0.034869
0 0.772367 0.970716 0.061298 0.033856
0 0.371534 0.877758 0.022587 0.037862
0 0.916920 0.970437 0.048604 0.031319
4 0.352866 0.626734 0.032468 0.043470
0 0.055001 0.103230 0.087282 0.033827
4 0.352972 0.526385 0.032517 0.045628
0 0.379217 0.375392 0.022093 0.041183
4 0.341117 0.878236 0.038579 0.038820
0 0.847226 0.971164 0.071846 0.031583
4 0.353134 0.425462 0.031859 0.043150
0 0.120487 0.325670 0.023225 0.038548
0 0.973939 0.970894 0.049461 0.032424
0 0.072838 0.324487 0.038290 0.042238
4 0.352310 0.375583 0.030206 0.042587
0 0.292116 0.326706 0.043229 0.037830
0 0.159857 0.324983 0.025881 0.039326
0 0.222530 0.326626 0.070064 0.038827
0 0.343133 0.327454 0.028005 0.038594
0 0.399161 0.328821 0.062986 0.038172
0 0.025898 0.032933 0.021048 0.043967
0 0.951857 0.031769 0.023716 0.046136
0 0.985599 0.031615 0.024374 0.046725
0 0.918893 0.032561 0.024145 0.044346
1 0.093412 0.879737 0.013110 0.021475