0 0.068331 0.875158 0.022551 0.040235
0 0.280803 0.223943 0.022641 0.041615
0 0.045534 0.875169 0.022025 0.039079
0 0.371360 0.875345 0.022353 0.041878
0 0.068714 0.223866 0.022682 0.042696
0 0.530113 0.224050 0.023691 0.042111
0 0.257951 0.223830 0.022593 0.040669
2 0.216855 0.103636 0.038677 0.034659
0 0.576320 0.224205 0.022808 0.041341
0 0.045391 0.223603 0.023089 0.041759
0 0.352052 0.224961 0.108460 0.042679
0 0.459364 0.224758 0.107635 0.043956
0 0.022783 0.322938 0.023690 0.042559
4 0.166080 0.224928 0.160081 0.045669
4 0.268652 0.374487 0.136350 0.039938
0 0.975600 0.103245 0.047746 0.034309
0 0.553365 0.223931 0.022326 0.041075
0 0.901756 0.972015 0.080559 0.040265
2 0.147782 0.103069 0.083310 0.034712
0 0.913109 0.103113 0.061305 0.036686
0 0.055031 0.103477 0.086952 0.034742
4 0.341311 0.876313 0.038793 0.043872
4 0.352097 0.376225 0.030999 0.040283
0 0.973547 0.971077 0.050581 0.035421
0 0.120606 0.322420 0.021018 0.038640
0 0.072112 0.322643 0.037689 0.042349
0 0.025925 0.032972 0.021084 0.043954
0 0.951165 0.031478 0.023812 0.046096
0 0.918282 0.032522 0.023342 0.043870
0 0.984540 0.031228 0.023194 0.045859
0 0.160729 0.327893 0.023448 0.039154