2 0.368480 0.562827 0.199325 0.044477
2 0.302244 0.100453 0.039482 0.033430
4 0.529652 0.160989 0.145377 0.044742
4 0.342291 0.160444 0.144926 0.045614
4 0.289935 0.711445 0.039765 0.043581
4 0.289644 0.662107 0.039487 0.042277
4 0.319177 0.612677 0.099774 0.040771
0 0.088936 0.101048 0.148849 0.034129
0 0.617412 0.160205 0.030154 0.043325
0 0.969534 0.970815 0.051673 0.039942
0 0.225489 0.100024 0.100915 0.032009
0 0.969946 0.101684 0.049468 0.041456
1 0.280116 0.863004 0.014185 0.028336
0 0.270304 0.969236 0.073012 0.033136
3 0.279756 0.410610 0.015559 0.030110
0 0.028914 0.029147 0.021753 0.043530
0 0.947943 0.029571 0.024762 0.046640
0 0.914154 0.029310 0.022914 0.044574
0 0.980374 0.029108 0.022869 0.046868
3 0.279643 0.360519 0.016294 0.033810
3 0.279417 0.311692 0.016934 0.029632