2 0.786493 0.677376 0.139236 0.055199
4 0.458113 0.737448 0.058021 0.051791
0 0.084370 0.197613 0.023221 0.047294
0 0.111780 0.197463 0.023250 0.047209
0 0.165806 0.197986 0.022330 0.046236
0 0.151543 0.803451 0.066973 0.053139
2 0.544957 0.558267 0.249440 0.051827
4 0.461893 0.796454 0.065781 0.052368
4 0.458087 0.916355 0.058287 0.051170
0 0.139242 0.197950 0.022318 0.046185
4 0.457510 0.676955 0.056587 0.049966
0 0.627677 0.124979 0.102419 0.041313
0 0.427353 0.378511 0.023074 0.049507
0 0.058159 0.802801 0.110535 0.055426
0 0.078434 0.123971 0.106944 0.039956
4 0.457289 0.856588 0.057013 0.049425
2 0.786334 0.857892 0.138233 0.051757
2 0.786031 0.737753 0.141040 0.053853
4 0.081781 0.457191 0.158723 0.050625
0 0.510244 0.125055 0.116711 0.042218
2 0.786547 0.916907 0.138372 0.051695
4 0.491534 0.260439 0.202818 0.054519
0 0.922143 0.259430 0.025857 0.051406
4 0.080779 0.411699 0.160648 0.049678
2 0.835857 0.124612 0.041820 0.041048
4 0.204338 0.411192 0.090548 0.048831
0 0.400353 0.378895 0.023378 0.048884
4 0.754686 0.259884 0.300411 0.057194
0 0.010038 0.198248 0.020075 0.047426
0 0.745770 0.125180 0.119923 0.042118
2 0.786359 0.797737 0.140191 0.052853
0 0.226228 0.125663 0.167556 0.043638
0 0.381040 0.125673 0.125210 0.043383
4 0.081763 0.597533 0.158669 0.050985
2 0.787239 0.974740 0.138681 0.047167
0 0.973407 0.124940 0.052072 0.044382
4 0.081215 0.503364 0.159895 0.050919
4 0.082084 0.549771 0.158469 0.051324
4 0.081546 0.692799 0.157730 0.052492
4 0.204185 0.456812 0.089446 0.050202
4 0.081226 0.644527 0.159783 0.051997
4 0.204643 0.596640 0.090424 0.050896
4 0.461999 0.973349 0.065503 0.048137
4 0.204384 0.643868 0.090105 0.050080
4 0.204421 0.549478 0.090954 0.050656
4 0.204190 0.503021 0.089840 0.050066
4 0.080618 0.364651 0.158249 0.049501
0 0.381333 0.501651 0.046122 0.046325
4 0.204704 0.364115 0.089810 0.050361
4 0.206799 0.690950 0.094935 0.052239
0 0.400004 0.318804 0.021848 0.048384
2 0.051215 0.200374 0.034693 0.043118
1 0.684225 0.560093 0.016942 0.039169
0 0.308008 0.499568 0.066694 0.049928
0 0.446902 0.501176 0.048109 0.043356
0 0.236219 0.201091 0.025590 0.042004
0 0.912863 0.039676 0.024069 0.050595
0 0.039703 0.038837 0.022299 0.049216
0 0.983216 0.039270 0.025212 0.052542
0 0.948307 0.040107 0.024145 0.051476
0 0.514829 0.502818 0.061787 0.051132