0 0.071305 0.259056 0.029917 0.039580
0 0.199508 0.147866 0.075053 0.029427
0 0.270818 0.147257 0.035361 0.030523
0 0.759754 0.146565 0.025924 0.031755
0 0.127313 0.148126 0.037260 0.031933
2 0.333154 0.146413 0.056234 0.027986
0 0.334520 0.373601 0.022862 0.033547
0 0.079403 0.146974 0.030780 0.035145
0 0.066806 0.372557 0.023060 0.028945
0 0.148121 0.269445 0.100865 0.053044
0 0.067311 0.976464 0.019157 0.023326
0 0.118348 0.250889 0.042955 0.025419
0 0.528446 0.978108 0.023649 0.030508
0 0.717470 0.146444 0.025033 0.025105