0 0.900284 0.658084 0.028764 0.034958
0 0.967360 0.960119 0.034202 0.032813
0 0.786663 0.322284 0.110484 0.222956
0 0.935260 0.657990 0.033259 0.034435
0 0.248390 0.134562 0.040104 0.038935
0 0.324040 0.134679 0.089113 0.036770
0 0.761880 0.134755 0.137646 0.037506
0 0.167145 0.134558 0.097983 0.036296
0 0.405688 0.134721 0.051738 0.038692
0 0.639749 0.133040 0.084502 0.037067
0 0.513795 0.134796 0.143250 0.037970
0 0.495608 0.578850 0.069462 0.040065
0 0.608252 0.214103 0.014065 0.026180
0 0.083254 0.136845 0.046288 0.042791
0 0.870299 0.133849 0.055521 0.037613
0 0.723603 0.215314 0.014582 0.027346
0 0.377257 0.715378 0.015197 0.027208
0 0.146078 0.213364 0.013461 0.024692
2 0.099160 0.058276 0.049505 0.035337
0 0.377189 0.215026 0.015214 0.027001
2 0.959054 0.130409 0.020443 0.034542
0 0.261675 0.215030 0.014636 0.025607
0 0.492302 0.214049 0.014433 0.026603
0 0.928859 0.131995 0.016649 0.035138
0 0.261827 0.714487 0.015395 0.027704
0 0.439011 0.817159 0.109567 0.229768
0 0.907013 0.058073 0.020505 0.033903
0 0.989942 0.013154 0.015409 0.024510
0 0.962812 0.058555 0.019816 0.036297
0 0.879200 0.057913 0.019371 0.034916
0 0.092625 0.320184 0.107415 0.215844
0 0.146397 0.714783 0.014889 0.026497
0 0.015328 0.013537 0.030007 0.024724
0 0.934778 0.058360 0.019432 0.034438
0 0.094986 0.813625 0.115555 0.224256
0 0.961284 0.012948 0.016089 0.025419
0 0.931772 0.013883 0.017086 0.023248
0 0.210407 0.813512 0.111080 0.217732
0 0.325636 0.815771 0.109237 0.215022
0 0.209947 0.318420 0.109237 0.217732
0 0.326097 0.319775 0.109237 0.216829
0 0.440865 0.318420 0.108315 0.217732
0 0.556324 0.317516 0.108776 0.215925
0 0.672013 0.318420 0.110619 0.215925