0 0.109574 0.906580 0.024876 0.034325
0 0.084587 0.906417 0.024130 0.033792
2 0.268630 0.699877 0.061968 0.030405
4 0.198040 0.300070 0.091705 0.031912
0 0.059759 0.906455 0.025661 0.034739
4 0.222854 0.368485 0.138724 0.033563
0 0.214488 0.076397 0.018684 0.028062
2 0.268687 0.762825 0.062572 0.032994
4 0.109019 0.763269 0.089533 0.033128
0 0.279787 0.906468 0.025696 0.036596
0 0.319314 0.906481 0.025637 0.036077
0 0.221729 0.180587 0.043481 0.025874
0 0.344709 0.906547 0.024179 0.034864
4 0.197673 0.334127 0.091025 0.032069
0 0.242528 0.077077 0.019284 0.028531
4 0.258309 0.402490 0.214042 0.034015
0 0.491833 0.076466 0.020741 0.029025
2 0.268557 0.731051 0.062028 0.033073
0 0.284366 0.077149 0.018751 0.028511
2 0.269325 0.795099 0.063008 0.033660
0 0.254415 0.906864 0.025489 0.036558
2 0.268486 0.668666 0.061157 0.033117
0 0.136065 0.235904 0.055878 0.030046
4 0.108740 0.668860 0.087954 0.034086
4 0.705967 0.436067 0.261526 0.032039
0 0.214963 0.906830 0.024887 0.034356
4 0.222225 0.436882 0.139431 0.032518
0 0.287920 0.180329 0.062147 0.025824
0 0.140173 0.181781 0.094653 0.026189
0 0.027224 0.906595 0.025888 0.035215
4 0.881874 0.763095 0.128556 0.033575
4 0.706173 0.335102 0.260668 0.034741
2 0.111991 0.078308 0.138401 0.032723
0 0.518788 0.076071 0.018961 0.028420
0 0.469631 0.077143 0.020763 0.027953
4 0.881895 0.794827 0.128646 0.032549
0 0.263516 0.077179 0.017744 0.027973
4 0.108930 0.795210 0.089425 0.032862
0 0.353545 0.180664 0.043344 0.026268
2 0.269418 0.826131 0.063225 0.031545
4 0.109338 0.700311 0.088235 0.031565
4 0.380554 0.300480 0.049552 0.033236
4 0.425096 0.669467 0.248692 0.032928
4 0.884256 0.669053 0.131928 0.034098
4 0.425268 0.795228 0.248788 0.032600
0 0.442818 0.076538 0.019571 0.028327
0 0.380184 0.075700 0.020350 0.028227
0 0.401095 0.076198 0.018875 0.027593
4 0.051149 0.668369 0.029237 0.030960
4 0.882432 0.731962 0.127540 0.032048
4 0.109126 0.730816 0.088938 0.033161
4 0.425135 0.763193 0.248184 0.033671
0 0.140014 0.906737 0.024574 0.034437
0 0.177437 0.906808 0.048939 0.034219
0 0.311280 0.076868 0.020490 0.028828
0 0.071871 0.235740 0.069265 0.028174
4 0.882399 0.700514 0.126780 0.033160
0 0.048490 0.181238 0.061571 0.026865
4 0.882046 0.826538 0.129104 0.032333
0 0.437304 0.180902 0.096950 0.026916
4 0.051298 0.763618 0.029491 0.031672
4 0.108609 0.826085 0.088660 0.031941
4 0.051262 0.731629 0.030165 0.031247
4 0.051207 0.700732 0.029308 0.031185
4 0.808023 0.701066 0.021314 0.032051
4 0.807891 0.762929 0.020921 0.031159
4 0.051377 0.826719 0.029545 0.030231
4 0.051274 0.795805 0.029442 0.031661
4 0.426026 0.699310 0.248791 0.030707
0 0.194171 0.076196 0.018186 0.027630
1 0.952324 0.668478 0.014391 0.026570
0 0.422153 0.076608 0.018566 0.027975
4 0.423546 0.826770 0.250098 0.031851
1 0.952155 0.763414 0.014583 0.027592
0 0.540626 0.075934 0.017783 0.027844
4 0.425865 0.732883 0.247762 0.030572
1 0.952705 0.826507 0.014519 0.025797
0 0.332684 0.076761 0.018312 0.028844
0 0.353701 0.076424 0.020256 0.029665
4 0.808319 0.669088 0.022114 0.032092
1 0.952146 0.733412 0.013847 0.024489
4 0.807914 0.731568 0.020982 0.031538
4 0.807923 0.794890 0.020935 0.031602
1 0.952326 0.794904 0.014670 0.026630
1 0.952021 0.701851 0.013810 0.027531
4 0.808184 0.826480 0.021553 0.031295
0 0.027384 0.077291 0.019919 0.028777
4 0.970102 0.763155 0.022411 0.031755
4 0.970000 0.825909 0.021912 0.029303
4 0.970292 0.700504 0.022383 0.034213
4 0.969910 0.732364 0.021829 0.028823
4 0.969626 0.795358 0.022766 0.029469
4 0.970303 0.667231 0.021667 0.029673
0 0.018247 0.026631 0.017483 0.025368
0 0.589660 0.854553 0.013967 0.023722
0 0.960321 0.978519 0.014222 0.024229
0 0.989818 0.665207 0.015868 0.023430