1 0.361146 0.225987 0.009271 0.020783
1 0.361357 0.260940 0.009692 0.020783
1 0.361778 0.293058 0.008850 0.020783
1 0.361568 0.328011 0.010114 0.020783
1 0.361357 0.360602 0.009692 0.021727
1 0.361989 0.394137 0.009271 0.020783
1 0.361778 0.428145 0.009692 0.020783
1 0.361989 0.463570 0.008428 0.019838
1 0.361568 0.495688 0.008428 0.017949
1 0.361568 0.529696 0.009271 0.021727
1 0.361568 0.562759 0.009271 0.019838
1 0.361357 0.595822 0.008007 0.019838
1 0.361357 0.629830 0.009692 0.021727
1 0.357986 0.829626 0.008850 0.022672
0 0.386431 0.943458 0.015171 0.029285
0 0.441635 0.943930 0.081753 0.034008
0 0.506743 0.942041 0.040877 0.028340
0 0.538980 0.945347 0.011799 0.027395
0 0.558997 0.942985 0.012221 0.024561
0 0.605773 0.944875 0.061947 0.028340
0 0.650021 0.942985 0.013064 0.026451
0 0.656342 0.112156 0.013064 0.023617
0 0.969659 0.086650 0.040455 0.033063
0 0.924779 0.022885 0.016435 0.035897
0 0.951117 0.023357 0.016856 0.036842
0 0.977876 0.022885 0.018121 0.039676
0 0.033923 0.025247 0.018963 0.034952
0 0.060472 0.086650 0.071218 0.034952
0 0.144964 0.084288 0.080067 0.034008
0 0.209861 0.083816 0.037084 0.031174
2 0.252634 0.087122 0.032448 0.032118
4 0.234513 0.203788 0.217868 0.033063
4 0.164138 0.291169 0.076275 0.034008
0 0.975153 0.975014 0.027229 0.034335
5 0.505544 0.528698 0.324484 0.885864