0 0.033869 0.022646 0.017481 0.035575
0 0.048072 0.087662 0.051349 0.038028
0 0.130831 0.087662 0.098875 0.038028
0 0.226155 0.089502 0.081940 0.034348
0 0.317929 0.088275 0.086310 0.031894
0 0.392221 0.089502 0.048072 0.029441
0 0.967716 0.087662 0.042063 0.033121
0 0.923195 0.025100 0.018573 0.033121
0 0.950508 0.024486 0.020758 0.031894
0 0.976456 0.025100 0.018027 0.038028
0 0.951054 0.161264 0.012018 0.028214
0 0.967442 0.165558 0.016388 0.017174
0 0.852453 0.164331 0.083579 0.034348
0 0.757129 0.164944 0.086310 0.030668
0 0.660439 0.161264 0.090681 0.038028
0 0.560472 0.163104 0.093958 0.036801
0 0.459958 0.164331 0.091773 0.036801
0 0.381023 0.161264 0.052988 0.040481
0 0.297717 0.164944 0.090681 0.038028
0 0.194745 0.164944 0.102152 0.035575
0 0.088496 0.163104 0.091773 0.036801
0 0.471703 0.205426 0.022397 0.030668
0 0.495466 0.248974 0.022943 0.031894
0 0.958975 0.978253 0.056266 0.035575
1 0.162242 0.593679 0.008740 0.019627
2 0.456954 0.084595 0.066099 0.031894
2 0.513220 0.085822 0.036600 0.031894
4 0.211952 0.206039 0.243636 0.036801
4 0.211406 0.248974 0.243636 0.031894
4 0.166339 0.379005 0.022397 0.034348
4 0.211406 0.422553 0.112531 0.030668
4 0.163608 0.464875 0.016934 0.031894
4 0.211679 0.508423 0.111985 0.033121
4 0.163334 0.551358 0.018573 0.033121
4 0.169343 0.723711 0.029499 0.034348
4 0.208675 0.853128 0.107069 0.030668
4 0.208402 0.894223 0.106522 0.031894
4 0.399049 0.852515 0.023490 0.036801
4 0.379111 0.593679 0.028406 0.034348
4 0.396591 0.550745 0.064460 0.029441
4 0.375560 0.464262 0.022397 0.033121
4 0.420627 0.420713 0.112531 0.034348
4 0.393860 0.377165 0.057905 0.033121