2 0.025382 0.096872 0.038374 0.033221
4 0.144659 0.492939 0.038169 0.039482
0 0.978352 0.978799 0.034367 0.038082
0 0.067309 0.188782 0.081638 0.042663
4 0.168405 0.445122 0.085475 0.040322
4 0.282165 0.391369 0.315494 0.046891
0 0.970942 0.098171 0.048799 0.038674
0 0.163522 0.187591 0.077321 0.041392
0 0.445654 0.340066 0.019736 0.043529
4 0.280742 0.341070 0.307796 0.040301
0 0.913504 0.024628 0.022749 0.044012
0 0.980198 0.026031 0.022979 0.046070
0 0.947317 0.025840 0.023883 0.045551
0 0.019831 0.024407 0.019760 0.043351
1 0.135031 0.595881 0.015297 0.030183