0 0.420627 0.720891 0.065552 0.036609
0 0.495466 0.720281 0.064460 0.037829
0 0.549273 0.640352 0.015842 0.036609
0 0.587785 0.638522 0.050257 0.037829
0 0.588059 0.423141 0.015842 0.031727
0 0.609636 0.423141 0.016388 0.031727
5 0.582596 0.531136 0.079209 0.272124
0 0.923468 0.030209 0.019119 0.034168
0 0.949962 0.028378 0.018573 0.035388
0 0.977548 0.028988 0.020212 0.039049
0 0.967169 0.085732 0.040970 0.035388
0 0.950781 0.164440 0.013657 0.031727
0 0.966350 0.169321 0.016388 0.021965
0 0.572763 0.167491 0.061728 0.030507
0 0.658800 0.169321 0.085218 0.034168
0 0.755217 0.166271 0.084672 0.037829
0 0.852726 0.166881 0.086310 0.039049