0 0.044929 0.255623 0.022445 0.040243
0 0.483164 0.257553 0.021256 0.039311
0 0.075164 0.257154 0.021122 0.039037
0 0.097964 0.257475 0.018124 0.038523
0 0.020491 0.646578 0.021551 0.037967
0 0.317397 0.257746 0.021006 0.040775
0 0.278791 0.257528 0.019821 0.039255
0 0.212707 0.257636 0.020299 0.038363
0 0.235277 0.257770 0.018522 0.038340
0 0.536857 0.257344 0.020025 0.037887
0 0.020798 0.253673 0.021569 0.038635
0 0.560257 0.257342 0.020484 0.038684
0 0.437434 0.257263 0.016791 0.038594
0 0.346836 0.258129 0.022270 0.040774
4 0.526421 0.401502 0.076316 0.036546
0 0.189459 0.257662 0.020919 0.038668
0 0.513231 0.257731 0.020495 0.038659
0 0.173650 0.087765 0.027359 0.029009
0 0.408290 0.087942 0.043392 0.028699
0 0.141870 0.257606 0.022131 0.039632
1 0.039917 0.384268 0.013517 0.027926
3 0.350747 0.489287 0.012800 0.025095
0 0.020742 0.209720 0.020460 0.035625
0 0.692512 0.257505 0.020886 0.039053
0 0.629865 0.257880 0.099772 0.040981
3 0.350884 0.532362 0.013068 0.024932
0 0.899988 0.977867 0.065274 0.034165
0 0.449716 0.087951 0.022684 0.027547
0 0.464173 0.164282 0.022442 0.039565
1 0.039838 0.486562 0.014084 0.028484
0 0.165679 0.257792 0.020560 0.038845
0 0.232076 0.087532 0.071910 0.031360
1 0.039692 0.453273 0.014174 0.029104
2 0.678952 0.087955 0.034901 0.029412
1 0.040011 0.418656 0.014231 0.029522
1 0.039880 0.349470 0.014367 0.030052
1 0.039709 0.520073 0.014585 0.029895
1 0.046835 0.846101 0.014985 0.029776
4 0.218808 0.164733 0.076082 0.037506
0 0.326963 0.088552 0.104374 0.031357
0 0.632003 0.737242 0.054691 0.030440
0 0.560367 0.736425 0.072395 0.033222
0 0.965387 0.977613 0.054751 0.031002
0 0.082588 0.089014 0.139225 0.033404
2 0.108756 0.164939 0.144959 0.038488
0 0.520865 0.089126 0.104539 0.031662
0 0.020661 0.165905 0.021730 0.045411
2 0.616132 0.088102 0.075056 0.030699
5 0.500786 0.530586 0.338386 0.466073
1 0.046523 0.880702 0.014743 0.030277
1 0.046623 0.811783 0.014452 0.028995
1 0.143911 0.880676 0.013964 0.028423
1 0.143472 0.811751 0.014216 0.027581
1 0.295740 0.165196 0.012832 0.024750
1 0.143316 0.845791 0.014738 0.028336
1 0.143730 0.915260 0.014070 0.027013
0 0.972277 0.087988 0.042950 0.030072
0 0.935686 0.086395 0.014644 0.029302
1 0.143417 0.777235 0.015437 0.030590
1 0.046699 0.915498 0.014606 0.028149
0 0.070624 0.692710 0.039544 0.031799
4 0.135159 0.383282 0.034169 0.036314
2 0.252669 0.257736 0.016922 0.038969
3 0.350566 0.575717 0.012795 0.024625
2 0.410619 0.257626 0.029983 0.038731
0 0.375468 0.258050 0.029468 0.040060
2 0.296515 0.257353 0.017280 0.039197
2 0.115269 0.257618 0.016982 0.039151
4 0.953842 0.810188 0.072803 0.036950
4 0.099736 0.382859 0.038570 0.036416
1 0.046761 0.777098 0.015269 0.031263
4 0.945664 0.485922 0.066487 0.036695
4 0.946041 0.452187 0.066523 0.037565
4 0.166626 0.383839 0.031108 0.036210
4 0.954727 0.879929 0.075482 0.037313
4 0.945694 0.383580 0.066916 0.037393
4 0.954794 0.914387 0.075075 0.036652
0 0.950963 0.024104 0.022303 0.039288
4 0.954222 0.844953 0.073786 0.037274
4 0.945609 0.418084 0.066870 0.038767
0 0.920149 0.022573 0.020337 0.038409
4 0.232059 0.648550 0.208018 0.034963
0 0.980855 0.024655 0.021303 0.040276
0 0.023400 0.023527 0.019313 0.037678
4 0.099759 0.454745 0.037277 0.034996
4 0.946011 0.348556 0.066430 0.037864
4 0.217208 0.383875 0.072709 0.037342
4 0.945888 0.519430 0.066621 0.037230
4 0.897788 0.485892 0.032172 0.035852
4 0.988922 0.383819 0.021931 0.037146
4 0.828359 0.776775 0.101221 0.036104
2 0.454545 0.256884 0.016090 0.034996
0 0.656677 0.326876 0.015420 0.032304
4 0.897359 0.449361 0.031510 0.032304
4 0.896688 0.418403 0.032851 0.034996
4 0.896353 0.385426 0.029499 0.039034
4 0.897023 0.350431 0.030839 0.033650
4 0.989407 0.348412 0.021185 0.032304
4 0.989206 0.419076 0.019442 0.033650
4 0.989743 0.454072 0.020514 0.033650
4 0.989072 0.487048 0.021856 0.032304
4 0.897694 0.519352 0.029499 0.037688
4 0.989072 0.521371 0.021856 0.036342
4 0.955350 0.775090 0.073746 0.032304
4 0.829981 0.812777 0.099222 0.032304
4 0.829981 0.845754 0.097881 0.036342
4 0.829646 0.880750 0.101234 0.036342
4 0.829646 0.917764 0.101234 0.032304
4 0.765956 0.777782 0.026146 0.040380
4 0.765956 0.814796 0.026146 0.033650
4 0.765621 0.847773 0.025476 0.034996
4 0.764950 0.884115 0.024135 0.032304
4 0.765286 0.916418 0.026146 0.029612
4 0.099222 0.418403 0.038884 0.034996
4 0.099222 0.487721 0.037544 0.033650
4 0.098887 0.522717 0.038214 0.030958
4 0.135425 0.421095 0.030839 0.037688
4 0.133749 0.454745 0.032851 0.032304
4 0.134419 0.487721 0.032851 0.036342
4 0.133749 0.522717 0.032851 0.036342
4 0.165929 0.419076 0.030169 0.039034
4 0.165929 0.455418 0.030169 0.036342
4 0.167270 0.489067 0.028828 0.030958
4 0.165594 0.521371 0.029499 0.030958
4 0.216881 0.417730 0.071735 0.033650
4 0.216881 0.347739 0.074417 0.033650
4 0.218222 0.454072 0.071735 0.036342
4 0.218222 0.488394 0.071735 0.032304
4 0.216211 0.522717 0.073076 0.030958
0 0.123357 0.692312 0.038884 0.039034
0 0.194087 0.692312 0.067713 0.036342
0 0.287275 0.691639 0.086484 0.040380