0 0.482603 0.257201 0.021157 0.039420
0 0.044998 0.255210 0.021069 0.040066
0 0.346905 0.257173 0.021492 0.040057
0 0.512322 0.257244 0.021025 0.038367
0 0.317262 0.257486 0.021129 0.040236
0 0.559545 0.256746 0.021017 0.039532
0 0.166183 0.257395 0.020717 0.039933
0 0.075096 0.257339 0.020903 0.038960
0 0.098073 0.257749 0.018655 0.037940
4 0.099548 0.452245 0.039117 0.035957
0 0.020919 0.251959 0.020746 0.037150
0 0.142403 0.257390 0.021424 0.039888
0 0.212237 0.257138 0.021250 0.039184
4 0.860972 0.452720 0.040208 0.035810
0 0.535786 0.256921 0.020500 0.038585
4 0.218100 0.452915 0.073316 0.035999
2 0.677509 0.086446 0.035144 0.028278
4 0.426368 0.452972 0.053617 0.035619
4 0.589711 0.452689 0.073250 0.035815
0 0.020672 0.207610 0.019354 0.036405
0 0.189330 0.257452 0.020521 0.039447
0 0.021168 0.647111 0.021677 0.039732
4 0.426589 0.383876 0.053115 0.037520
0 0.438320 0.257523 0.018361 0.037562
4 0.808702 0.452780 0.067258 0.035923
0 0.278949 0.257851 0.019184 0.038220
4 0.099409 0.486882 0.038885 0.036089
4 0.099534 0.383449 0.039041 0.036604
4 0.134527 0.452375 0.033152 0.035710
4 0.944292 0.452591 0.065953 0.035705
4 0.861104 0.383888 0.039652 0.036201
0 0.691414 0.257545 0.019820 0.039254
4 0.589687 0.384019 0.073576 0.037262
4 0.099431 0.418086 0.039199 0.035681
4 0.589758 0.418721 0.073443 0.035420
4 0.328078 0.453018 0.148128 0.037142
4 0.426560 0.418608 0.053543 0.035397
0 0.173950 0.086046 0.028713 0.027439
4 0.661614 0.453100 0.073154 0.036129
4 0.218175 0.418609 0.073525 0.035607
4 0.860899 0.486435 0.039635 0.034836
4 0.662638 0.487643 0.071271 0.036496
4 0.509593 0.452696 0.052696 0.035830
4 0.736513 0.452889 0.080228 0.036243
4 0.134608 0.383515 0.033195 0.036137
4 0.589733 0.487422 0.073346 0.036617
0 0.407732 0.086331 0.044818 0.027586
4 0.426475 0.487587 0.053313 0.036135
4 0.218169 0.383870 0.073486 0.037694
4 0.509406 0.418605 0.052633 0.035001
4 0.327426 0.487868 0.148509 0.037752
0 0.449259 0.086642 0.023182 0.026663
1 0.040862 0.383033 0.014561 0.030610
4 0.661912 0.418744 0.073073 0.035355
4 0.166390 0.452786 0.032909 0.035882
4 0.737636 0.487400 0.077240 0.036946
4 0.328274 0.419090 0.149406 0.035902
4 0.808763 0.487430 0.067394 0.036214
4 0.860946 0.418278 0.040240 0.035622
4 0.218118 0.487607 0.073464 0.036166
4 0.467841 0.452828 0.032614 0.035751
4 0.736561 0.523167 0.079182 0.036551
0 0.435783 0.647710 0.021423 0.036642
4 0.896054 0.452687 0.032196 0.035699
4 0.828844 0.880504 0.100897 0.036540
0 0.456931 0.648024 0.020643 0.036658
4 0.662027 0.384179 0.073575 0.037062
4 0.944445 0.383365 0.066198 0.037477
1 0.046596 0.845793 0.015166 0.029531
4 0.509211 0.383377 0.052117 0.036945
4 0.944202 0.521712 0.066500 0.035974
4 0.808678 0.418390 0.067430 0.035775
4 0.944175 0.418363 0.066354 0.035875
4 0.808881 0.522555 0.067288 0.036715
4 0.328274 0.384831 0.147913 0.037441
0 0.629034 0.257165 0.099678 0.039738
4 0.589533 0.522915 0.073290 0.036097
4 0.808544 0.383891 0.067709 0.037217
4 0.661498 0.522968 0.073116 0.036170
4 0.828725 0.846731 0.101025 0.035715
1 0.144030 0.881147 0.014229 0.028953
4 0.426506 0.522588 0.053095 0.036297
4 0.099505 0.523005 0.038669 0.037710
4 0.218066 0.522953 0.073295 0.036626
4 0.736701 0.418594 0.079688 0.035621
4 0.166494 0.418306 0.032866 0.035323
4 0.327331 0.523649 0.148266 0.037841
4 0.828707 0.812109 0.101100 0.037199
4 0.693210 0.813878 0.118404 0.035820
1 0.040926 0.417947 0.015696 0.031580
4 0.944729 0.348122 0.067311 0.037827
0 0.326973 0.086865 0.102592 0.028849
4 0.953051 0.811657 0.073374 0.037199
4 0.692791 0.847198 0.118400 0.035187
1 0.143902 0.846677 0.014589 0.029190
4 0.509471 0.487395 0.052378 0.035964
4 0.134535 0.486870 0.033358 0.036256
4 0.808566 0.348683 0.067576 0.036960
4 0.134572 0.418074 0.033830 0.035462
4 0.693097 0.881281 0.117166 0.037413
1 0.040692 0.452589 0.015049 0.031444
0 0.898071 0.978785 0.063744 0.034060
4 0.509707 0.522901 0.052149 0.036103
0 0.463566 0.162635 0.021638 0.039289
4 0.860836 0.521217 0.039055 0.036188
4 0.166428 0.383664 0.032329 0.036330
2 0.614950 0.086353 0.073901 0.029091
1 0.143850 0.811636 0.014335 0.028960
4 0.953122 0.880225 0.073873 0.036376
0 0.231893 0.086113 0.072224 0.028597
4 0.896093 0.383387 0.032738 0.036053
4 0.736866 0.384099 0.078426 0.037319
4 0.944183 0.486729 0.066038 0.036153
4 0.952822 0.846173 0.073901 0.035956
1 0.040794 0.487057 0.014896 0.030869
4 0.896158 0.418295 0.032822 0.035456
4 0.426511 0.347727 0.053462 0.036329
4 0.544394 0.452657 0.019844 0.035282
4 0.218660 0.163221 0.075902 0.038214
4 0.467978 0.383902 0.032312 0.036290
4 0.199758 0.880671 0.085040 0.035951
4 0.468090 0.418630 0.032855 0.035002
0 0.235549 0.257380 0.018788 0.038789
0 0.080920 0.086868 0.138621 0.030712
4 0.468037 0.487398 0.032752 0.036045
4 0.166434 0.487070 0.032872 0.035806
0 0.933732 0.086119 0.015663 0.029892
4 0.166252 0.522516 0.033038 0.036321
4 0.953088 0.915807 0.073230 0.036927
4 0.199816 0.846688 0.084253 0.035627
4 0.064502 0.452131 0.034022 0.036024
2 0.265665 0.647891 0.281619 0.036164
4 0.134633 0.522695 0.033326 0.037232
4 0.200058 0.812028 0.083990 0.036851
0 0.519942 0.087212 0.103773 0.029989
1 0.046435 0.811631 0.014947 0.028894
4 0.828636 0.776155 0.101418 0.037247
4 0.467988 0.523006 0.032448 0.036156
1 0.295334 0.163914 0.013992 0.027317
0 0.071293 0.693440 0.039011 0.030922
4 0.828540 0.915969 0.100342 0.037489
4 0.896067 0.348843 0.032735 0.036081
4 0.987694 0.453077 0.024612 0.036803
4 0.692919 0.915949 0.118471 0.037550
1 0.040677 0.347731 0.015408 0.031038
4 0.764792 0.881118 0.029476 0.035720
4 0.860941 0.348713 0.039673 0.035689
2 0.109182 0.162955 0.144657 0.038721
0 0.970342 0.086177 0.041662 0.028935
0 0.963786 0.978756 0.054660 0.029271
1 0.143919 0.916225 0.014740 0.029614
4 0.063857 0.486741 0.034371 0.035394
4 0.953342 0.776130 0.074191 0.037433
4 0.765116 0.812710 0.028372 0.036369
4 0.987679 0.383342 0.024642 0.036803
4 0.764672 0.846952 0.029219 0.035299
1 0.046370 0.880712 0.015139 0.030387
4 0.987643 0.417972 0.024714 0.035739
4 0.987627 0.486921 0.024746 0.035692
4 0.544398 0.487257 0.019775 0.034829
4 0.764857 0.915980 0.029197 0.036507
4 0.199620 0.915960 0.084917 0.037670
4 0.327221 0.349699 0.148167 0.035502
4 0.661719 0.348915 0.072982 0.035819
4 0.064235 0.417674 0.033617 0.035814
4 0.693668 0.777165 0.116785 0.036587
4 0.544246 0.384096 0.019218 0.035667
4 0.988063 0.348544 0.023874 0.037708
1 0.040680 0.520895 0.015736 0.030851
4 0.439202 0.776846 0.395042 0.035776
4 0.987771 0.522661 0.024457 0.036429
1 0.046196 0.777214 0.015668 0.031335
1 0.046330 0.915708 0.015271 0.028876
0 0.508321 0.691579 0.033896 0.034117
4 0.895626 0.485541 0.032156 0.034005
4 0.589433 0.347813 0.074406 0.036152
2 0.454750 0.257554 0.017820 0.038284
1 0.143782 0.776840 0.016413 0.030719
2 0.409977 0.257570 0.030024 0.039609
4 0.544655 0.522597 0.019764 0.034967
4 0.064207 0.382774 0.032538 0.035509
2 0.375526 0.257530 0.030098 0.039852
4 0.544053 0.418684 0.019113 0.033611
4 0.439604 0.881603 0.394621 0.036678
0 0.446641 0.694845 0.065292 0.027138
0 0.558330 0.691947 0.040915 0.033776
2 0.251994 0.257558 0.015547 0.038399
0 0.021144 0.163430 0.021129 0.043461
0 0.371814 0.692533 0.058784 0.033392
4 0.440397 0.917313 0.396395 0.039253
4 0.064550 0.521293 0.033551 0.034804
0 0.782880 0.691348 0.070374 0.033858
4 0.509348 0.347261 0.050729 0.036154
0 0.610208 0.692635 0.035868 0.033800
0 0.125383 0.692696 0.037369 0.029612
4 0.437705 0.811750 0.392542 0.038011
4 0.895550 0.520244 0.031843 0.034621
4 0.064662 0.346993 0.033068 0.036595
4 0.134431 0.347881 0.032628 0.034719
0 0.687134 0.692088 0.094200 0.032955
4 0.099216 0.347616 0.038895 0.035924
4 0.218132 0.347815 0.073395 0.037364
4 0.166336 0.348274 0.031587 0.035318
0 0.023401 0.024679 0.018398 0.036520
0 0.114820 0.257316 0.016598 0.039638
0 0.918703 0.023803 0.021328 0.038241
2 0.295996 0.257685 0.016758 0.038241
0 0.978536 0.023314 0.022759 0.040416
0 0.193764 0.693262 0.075677 0.032647
0 0.285325 0.692991 0.081642 0.030812
4 0.438118 0.847517 0.392193 0.036274
0 0.948479 0.023638 0.021140 0.038161
4 0.201307 0.776444 0.083278 0.036655
4 0.543731 0.347958 0.018945 0.033882
4 0.467960 0.347219 0.032051 0.035647
4 0.736457 0.348876 0.075758 0.032427