0 0.043618 0.750424 0.025278 0.045253
0 0.129540 0.751938 0.023404 0.042995
0 0.155424 0.752173 0.022481 0.043122
2 0.114967 0.191153 0.164309 0.046143
5 0.504258 0.536551 0.345236 0.508329
0 0.274329 0.752168 0.022731 0.042855
0 0.695360 0.752670 0.024353 0.045280
0 0.307547 0.751923 0.024205 0.043823
0 0.188466 0.102675 0.031395 0.031272
4 0.239125 0.191040 0.085688 0.045031
0 0.015799 0.242274 0.023031 0.041458
0 0.076892 0.752002 0.023695 0.044219
0 0.015755 0.746152 0.023706 0.043793
4 0.549626 0.399863 0.086369 0.039846
2 0.697786 0.102175 0.038917 0.033039
0 0.253739 0.102579 0.082174 0.032728
0 0.084057 0.103380 0.155475 0.034802
0 0.103414 0.752330 0.022605 0.043442
0 0.360972 0.103021 0.116162 0.032771
2 0.628385 0.102949 0.085128 0.034377
0 0.978126 0.103233 0.043748 0.036275
0 0.520233 0.103702 0.115555 0.033243
0 0.632627 0.759638 0.061775 0.033115
0 0.440077 0.102767 0.026390 0.031246
0 0.939319 0.102953 0.019529 0.035335
0 0.181324 0.752799 0.020611 0.042427
0 0.598661 0.398768 0.018131 0.037331
0 0.552516 0.759001 0.081282 0.034653
0 0.230915 0.752684 0.021829 0.043819
0 0.044176 0.244181 0.031542 0.038416
0 0.016143 0.190760 0.025750 0.048917
4 0.160250 0.379640 0.032729 0.040665
3 0.352269 0.600356 0.016125 0.030342
3 0.351996 0.500290 0.016301 0.030322
4 0.283411 0.368693 0.100805 0.202164
2 0.249958 0.752481 0.018680 0.042152
3 0.352027 0.551542 0.015237 0.029095
4 0.159750 0.340257 0.033617 0.035824
0 0.989290 0.031124 0.021372 0.045428
2 0.200401 0.752759 0.018978 0.043307
0 0.019637 0.030053 0.019788 0.043508
0 0.922205 0.030213 0.024384 0.044506
4 0.086092 0.380903 0.119436 0.039958
0 0.200553 0.752679 0.019438 0.042727
0 0.955976 0.031497 0.023979 0.045273
0 0.283586 0.495265 0.099143 0.039958
4 0.085479 0.340946 0.114642 0.039958
0 0.661035 0.314766 0.020113 0.037202