4 0.367135 0.416158 0.375085 0.261232
2 0.760774 0.611301 0.131780 0.035943
4 0.243631 0.694489 0.135728 0.031947
4 0.791954 0.737277 0.194800 0.036805
0 0.964458 0.974062 0.056915 0.033617
4 0.714860 0.859910 0.040707 0.029493
0 0.048685 0.085231 0.082247 0.027902
0 0.137123 0.084845 0.071654 0.029377
4 0.207634 0.937156 0.062486 0.026344
0 0.551775 0.243169 0.032312 0.037280
4 0.273166 0.614074 0.192349 0.033260
4 0.224522 0.775158 0.093441 0.034645
4 0.797887 0.777012 0.206796 0.035153
2 0.236341 0.084295 0.102320 0.029321
2 0.467957 0.084540 0.114368 0.030634
0 0.678780 0.242758 0.063510 0.036751
0 0.060986 0.245038 0.085456 0.037647
4 0.212954 0.654260 0.072729 0.030308
0 0.770630 0.242790 0.096588 0.036079
0 0.493213 0.243095 0.061719 0.035409
2 0.579781 0.085703 0.085511 0.030048
2 0.970695 0.083305 0.027786 0.030609
2 0.236789 0.818149 0.120606 0.031546
0 0.402642 0.242353 0.095225 0.036168
0 0.012785 0.973659 0.022624 0.033962
2 0.348499 0.084449 0.098249 0.029581
0 0.607212 0.243661 0.055731 0.037414
0 0.289797 0.242955 0.105629 0.035261
0 0.171033 0.243192 0.108816 0.037300
0 0.894746 0.777278 0.012026 0.032180
0 0.932524 0.155320 0.014004 0.029709
0 0.760767 0.652717 0.013592 0.032933
0 0.909525 0.024774 0.018143 0.035658
0 0.234115 0.936113 0.011150 0.024379
0 0.936161 0.025405 0.018698 0.036269
4 0.731213 0.653354 0.073604 0.035052
0 0.031763 0.023926 0.017489 0.034836
0 0.963441 0.025143 0.019343 0.037007
0 0.241777 0.652036 0.013563 0.031445
0 0.743110 0.898559 0.090226 0.035085
4 0.794885 0.815014 0.202277 0.031996
0 0.728245 0.859239 0.013169 0.030402
0 0.304467 0.692591 0.012642 0.032654