0 0.360840 0.690506 0.229164 0.204977
0 0.254336 0.112602 0.089445 0.043767
0 0.596653 0.691403 0.229461 0.204649
0 0.362146 0.330296 0.230568 0.204219
0 0.692981 0.761543 0.027081 0.047763
0 0.077675 0.112577 0.090860 0.044600
0 0.165369 0.112985 0.089345 0.043373
0 0.458025 0.402705 0.026482 0.044812
4 0.903715 0.113846 0.175240 0.046847
0 0.458237 0.762010 0.026643 0.047953
0 0.105429 0.264532 0.200414 0.037127
0 0.081002 0.976387 0.153513 0.039564
0 0.045808 0.721028 0.086375 0.033234
0 0.058555 0.770521 0.110863 0.034725
0 0.044456 0.822478 0.083581 0.033563
0 0.104477 0.314594 0.203967 0.039364
0 0.051173 0.873293 0.096538 0.034301
0 0.104042 0.364903 0.202285 0.037930
0 0.066514 0.214643 0.125994 0.034899
0 0.038439 0.669925 0.072910 0.033927
0 0.045710 0.619424 0.086652 0.033180
0 0.361575 0.973112 0.231936 0.053776
0 0.104740 0.414831 0.203277 0.036652
2 0.170791 0.027644 0.128934 0.042689
0 0.078077 0.466949 0.151730 0.036639
0 0.062340 0.567781 0.119004 0.034651
0 0.079578 0.516437 0.153962 0.035012
0 0.036670 0.924357 0.068158 0.033621
0 0.974341 0.113006 0.022289 0.041993
0 0.032578 0.026016 0.020798 0.042062
0 0.950447 0.027988 0.023938 0.045306
0 0.918038 0.027029 0.020768 0.040868
0 0.983725 0.028076 0.022871 0.046013
0 0.950080 0.113210 0.018090 0.042078