0 0.512450 0.422847 0.179502 0.059488
4 0.844841 0.510143 0.056839 0.081991
4 0.357396 0.062307 0.068774 0.077265
4 0.844707 0.779420 0.056154 0.081436
4 0.844901 0.689288 0.055605 0.080352
4 0.311640 0.605173 0.158808 0.078955
4 0.311460 0.867938 0.158369 0.074350
4 0.845206 0.600254 0.056157 0.084877
4 0.334741 0.237857 0.026683 0.073501
4 0.109301 0.868287 0.157721 0.072758
4 0.312414 0.513847 0.159124 0.084667
4 0.109478 0.956194 0.156650 0.076059
4 0.311533 0.956359 0.157585 0.075656
4 0.560154 0.606799 0.042843 0.075143
0 0.661960 0.423663 0.082381 0.060600
4 0.560065 0.514636 0.043169 0.080699
4 0.107984 0.513614 0.157919 0.081583
4 0.560742 0.686859 0.043799 0.077308
4 0.311994 0.780333 0.158021 0.079050
4 0.845209 0.869907 0.055970 0.083814
4 0.312630 0.689712 0.156531 0.076223
4 0.108035 0.605135 0.156979 0.079439
0 0.099558 0.421238 0.148968 0.056311
4 0.844896 0.958307 0.054517 0.079811
0 0.293537 0.424554 0.212041 0.064808
4 0.108569 0.780888 0.157778 0.078627
4 0.560594 0.780531 0.041543 0.078590
4 0.334071 0.152415 0.022124 0.082446
0 0.801136 0.420107 0.177493 0.048269
4 0.108407 0.695051 0.154867 0.072241
4 0.561947 0.865541 0.038348 0.072241
4 0.560472 0.956565 0.035398 0.075131