0 0.708039 0.248841 0.022555 0.044479
0 0.682304 0.249527 0.023150 0.044992
0 0.632748 0.249835 0.020616 0.043320
0 0.392075 0.250013 0.020327 0.043172
0 0.341483 0.248988 0.024505 0.044087
0 0.367956 0.249145 0.022469 0.043685
0 0.257546 0.249197 0.025730 0.048020
0 0.482682 0.250049 0.020784 0.043605
0 0.316077 0.249046 0.021807 0.042900
0 0.440804 0.249951 0.021066 0.044167
0 0.101816 0.249589 0.086971 0.042755
0 0.532089 0.249549 0.024556 0.046467
1 0.030852 0.354591 0.017067 0.033584
0 0.290628 0.249166 0.023210 0.045286
0 0.165955 0.249966 0.020724 0.044038
0 0.036306 0.249602 0.023429 0.045095
0 0.207769 0.250240 0.020420 0.043330
2 0.564563 0.250119 0.032680 0.045639
2 0.289946 0.102781 0.039003 0.033165
2 0.185032 0.250350 0.018842 0.043331
0 0.191143 0.104068 0.145314 0.037548
1 0.030663 0.433915 0.016674 0.033483
0 0.064721 0.102921 0.090360 0.034992
2 0.459996 0.250214 0.018777 0.043596
2 0.602676 0.250149 0.031001 0.043914
0 0.975860 0.103233 0.048280 0.038687
1 0.030734 0.512639 0.017059 0.032769
1 0.030580 0.394895 0.016446 0.032790
2 0.411455 0.250340 0.019562 0.043842
1 0.030675 0.473518 0.016637 0.032847
2 0.652304 0.249520 0.018742 0.044253
2 0.502393 0.249798 0.018861 0.044898
2 0.227293 0.249785 0.018570 0.044683
0 0.033009 0.029592 0.021437 0.042069
0 0.919921 0.030566 0.021865 0.042263
0 0.953310 0.031975 0.022423 0.042371
0 0.987625 0.031905 0.022472 0.042743