0 0.554863 0.220697 0.021668 0.041327
0 0.531492 0.220981 0.023805 0.042188
0 0.283785 0.220110 0.022969 0.042272
0 0.049376 0.220458 0.023308 0.042333
0 0.072875 0.220792 0.022659 0.042519
0 0.072649 0.881811 0.021515 0.038844
4 0.253725 0.578601 0.097595 0.040656
4 0.303064 0.627168 0.196304 0.041811
0 0.027249 0.322064 0.023261 0.042443
0 0.374688 0.882489 0.022354 0.039254
0 0.260867 0.220283 0.022101 0.041072
2 0.667978 0.373384 0.130875 0.044320
0 0.354551 0.222179 0.108158 0.044632
0 0.049383 0.882027 0.022757 0.039900
0 0.577754 0.220660 0.022154 0.040589
0 0.460815 0.221887 0.106308 0.044671
0 0.494573 0.475314 0.022608 0.041882
4 0.456793 0.525841 0.038602 0.043043
0 0.703970 0.979356 0.062350 0.040527
4 0.398093 0.730442 0.386763 0.039096
4 0.322384 0.474538 0.232508 0.041307
4 0.169432 0.222579 0.159560 0.043861
4 0.457226 0.475183 0.037880 0.041409
4 0.219475 0.373434 0.030802 0.042108
4 0.222772 0.679068 0.037831 0.041120
0 0.913650 0.098582 0.060294 0.036090
0 0.974862 0.098694 0.046782 0.034663
0 0.915384 0.978632 0.047319 0.031425
4 0.269116 0.526204 0.127424 0.042860
4 0.343580 0.882689 0.037241 0.040234
0 0.772278 0.979467 0.061739 0.034676
0 0.059255 0.098695 0.086316 0.035410
2 0.220664 0.097846 0.037271 0.033357
0 0.846728 0.979200 0.071315 0.032646
2 0.151761 0.098620 0.083615 0.035638
0 0.972651 0.978657 0.048016 0.031676
0 0.164070 0.323668 0.018968 0.035371
0 0.077523 0.321694 0.037740 0.038540
0 0.211055 0.322621 0.040064 0.036541
0 0.276611 0.322044 0.059599 0.036902
0 0.124552 0.322205 0.023588 0.033721
1 0.096686 0.882383 0.017838 0.033984
4 0.249741 0.373345 0.018606 0.043390
0 0.029385 0.026908 0.021190 0.042482
0 0.917745 0.027515 0.021960 0.042415
0 0.950272 0.027733 0.023998 0.044416
0 0.983082 0.027531 0.024068 0.044946