2 0.217267 0.098134 0.038054 0.033775
4 0.243901 0.413898 0.236227 0.042919
4 0.569507 0.617909 0.160699 0.043187
4 0.220122 0.617723 0.160525 0.042381
4 0.280387 0.312121 0.313383 0.042157
4 0.230288 0.820373 0.138140 0.039930
4 0.592599 0.415043 0.239066 0.042692
0 0.022243 0.208751 0.022814 0.042019
4 0.280953 0.364006 0.314581 0.041946
4 0.379323 0.413380 0.039218 0.042502
4 0.315310 0.819199 0.031277 0.040442
0 0.975982 0.098077 0.047429 0.035117
0 0.903008 0.976308 0.080699 0.040816
0 0.914773 0.098170 0.060272 0.036085
4 0.729487 0.412660 0.038632 0.043148
4 0.538563 0.464168 0.130113 0.041465
4 0.683339 0.463876 0.084179 0.040317
4 0.273179 0.463637 0.038255 0.040067
4 0.189118 0.463968 0.128992 0.040568
0 0.055336 0.098288 0.086802 0.034510
2 0.147916 0.097613 0.082448 0.034275
0 0.974700 0.975687 0.049332 0.036350
0 0.079625 0.212429 0.045306 0.036423
4 0.132627 0.616978 0.016695 0.039602
4 0.622547 0.463555 0.037240 0.039728
4 0.482031 0.617803 0.016974 0.040312
0 0.197817 0.211854 0.051027 0.039358
0 0.139030 0.211902 0.040583 0.038776
0 0.919188 0.026387 0.022742 0.043413
0 0.952024 0.026638 0.023138 0.045686
0 0.026526 0.026805 0.021629 0.042449
0 0.986193 0.027183 0.023598 0.046204
0 0.248834 0.208460 0.027595 0.044687