0 0.044316 0.371789 0.022308 0.047866
0 0.279753 0.234530 0.023102 0.044817
0 0.070623 0.371479 0.023630 0.049830
0 0.103816 0.371548 0.023015 0.049811
1 0.302741 0.438005 0.016974 0.036649
0 0.505925 0.562245 0.022797 0.044576
0 0.280449 0.288568 0.023044 0.044347
1 0.302616 0.394415 0.017041 0.037465
0 0.280540 0.670928 0.023100 0.045798
4 0.499928 0.179180 0.083544 0.045227
0 0.135801 0.371834 0.020955 0.046471
0 0.536284 0.562565 0.022729 0.043551
4 0.142003 0.498018 0.249426 0.045606
4 0.813716 0.834914 0.039037 0.049164
4 0.813993 0.781505 0.037874 0.046224
0 0.282391 0.109893 0.080045 0.037182
0 0.623760 0.109713 0.024240 0.033433
0 0.218168 0.109491 0.031026 0.034748
4 0.813614 0.891673 0.038990 0.048111
0 0.408273 0.562225 0.021792 0.043456
4 0.446871 0.783134 0.038546 0.044044
0 0.378915 0.561855 0.022771 0.043253
0 0.482410 0.562256 0.022079 0.043929
4 0.142625 0.668712 0.248996 0.044182
4 0.142366 0.540896 0.248483 0.046392
0 0.576670 0.110141 0.050424 0.034820
4 0.140914 0.711578 0.251065 0.047012
0 0.626393 0.562436 0.022523 0.044391
0 0.355709 0.561878 0.021523 0.042215
4 0.141316 0.884313 0.250672 0.046856
0 0.761841 0.672053 0.023863 0.046046
4 0.140865 0.797438 0.250095 0.046591
4 0.142405 0.840199 0.249616 0.043716
0 0.580826 0.563257 0.022378 0.044652
4 0.141020 0.625749 0.250791 0.047317
2 0.875272 0.109614 0.038205 0.036759
2 0.377164 0.179571 0.161453 0.045380
4 0.772785 0.181119 0.212710 0.048080
1 0.302588 0.481479 0.016895 0.035239
0 0.303929 0.562727 0.023315 0.045408
0 0.936255 0.110676 0.016517 0.037613
4 0.983612 0.179515 0.032776 0.047840
0 0.737929 0.671810 0.022918 0.046085
4 0.142660 0.582994 0.249506 0.044251
0 0.430786 0.562356 0.019751 0.042788
4 0.142512 0.754480 0.249496 0.044026
4 0.810082 0.944833 0.031768 0.045042
0 0.453878 0.562387 0.023501 0.043806
0 0.108700 0.110936 0.171620 0.039155
0 0.976903 0.110685 0.045307 0.038101
0 0.373380 0.110874 0.084799 0.036901
0 0.332850 0.562092 0.022596 0.042972
0 0.724569 0.730924 0.044571 0.037914
0 0.701669 0.111738 0.114005 0.038432
0 0.482852 0.111134 0.118785 0.037616
1 0.323535 0.394157 0.021061 0.041480
0 0.558588 0.563081 0.019875 0.043387
1 0.920905 0.836676 0.015156 0.029298
2 0.806703 0.110428 0.082147 0.038175
1 0.323428 0.480821 0.020493 0.039367
0 0.851650 0.730204 0.058324 0.040455
4 0.141862 0.926355 0.249445 0.045593
0 0.603512 0.562886 0.020117 0.043951
1 0.323316 0.438116 0.020702 0.039185
2 0.535165 0.672682 0.278542 0.043704
4 0.914071 0.436592 0.080619 0.045050
0 0.786774 0.730383 0.043662 0.037128
0 0.569140 0.729325 0.081369 0.036510
0 0.472155 0.728994 0.081484 0.032821
4 0.495808 0.391964 0.141349 0.047425
4 0.637000 0.480437 0.143226 0.046255
4 0.008527 0.712578 0.017054 0.045534
0 0.335554 0.729413 0.047154 0.040338
0 0.395528 0.729448 0.039427 0.035375
4 0.355437 0.480858 0.044216 0.043201
4 0.496503 0.481482 0.141990 0.046808
0 0.926130 0.729080 0.058815 0.043575
4 0.008570 0.754465 0.017140 0.044000
4 0.866078 0.435751 0.018942 0.044506
4 0.841718 0.436025 0.031279 0.045309
4 0.766773 0.436325 0.120009 0.046616
4 0.866160 0.392967 0.018377 0.041449
4 0.495733 0.436171 0.141308 0.047247
4 0.008627 0.797841 0.017254 0.045406
2 0.153883 0.372059 0.017601 0.044053
4 0.636863 0.436810 0.140420 0.045683
4 0.008465 0.883922 0.016930 0.044829
1 0.920868 0.782744 0.014653 0.033758
2 0.014905 0.371709 0.029777 0.048391
0 0.654636 0.730289 0.059073 0.037951
4 0.766340 0.391898 0.123923 0.048201
4 0.356096 0.437775 0.044698 0.043436
4 0.008634 0.668947 0.017268 0.045481
4 0.008591 0.626374 0.017181 0.045288
4 0.008623 0.840432 0.017245 0.045062
4 0.008546 0.582753 0.017092 0.043860
4 0.841743 0.479120 0.030958 0.044244
4 0.914675 0.478816 0.080573 0.046133
4 0.008582 0.540327 0.017164 0.045602
4 0.866235 0.478795 0.020606 0.043938
4 0.008520 0.926194 0.017015 0.043978
0 0.035269 0.033433 0.021121 0.047583
4 0.765931 0.479456 0.122474 0.046269
0 0.918896 0.032357 0.023375 0.046745
4 0.976682 0.391487 0.046600 0.046848
4 0.976584 0.436886 0.046831 0.045421
0 0.951937 0.032156 0.023280 0.049511
4 0.809631 0.985192 0.031735 0.029616
4 0.914127 0.392939 0.077528 0.043936
4 0.356036 0.393826 0.043724 0.043571
0 0.280619 0.180324 0.022435 0.045184
4 0.008522 0.497595 0.017041 0.044991
4 0.413756 0.480481 0.024840 0.044896
0 0.985925 0.032881 0.024465 0.049907
4 0.389998 0.436353 0.025988 0.044436
1 0.500678 0.782735 0.016393 0.032684
4 0.976640 0.478254 0.046719 0.042859
4 0.842212 0.392010 0.031211 0.043194