4 0.409105 0.140613 0.060771 0.030645
0 0.974237 0.074812 0.036109 0.028817
2 0.866395 0.074437 0.029690 0.026042
4 0.123250 0.140390 0.060819 0.031807
0 0.134248 0.900645 0.017735 0.032104
0 0.049553 0.074266 0.084578 0.026348
0 0.351848 0.074262 0.081012 0.026649
0 0.742275 0.074462 0.071568 0.026925
0 0.416675 0.074958 0.038844 0.024854
4 0.395556 0.176348 0.033625 0.030695
0 0.536225 0.075164 0.038202 0.025042
0 0.281335 0.074298 0.049503 0.025855
0 0.814890 0.074316 0.063816 0.027259
0 0.582959 0.074242 0.045085 0.025714
0 0.126721 0.074168 0.056894 0.025760
0 0.205441 0.074015 0.090171 0.026869
0 0.655602 0.074551 0.090083 0.027924
0 0.477018 0.074935 0.070699 0.026579
4 0.123026 0.176538 0.059965 0.030977
4 0.252702 0.140218 0.028392 0.031994
1 0.014036 0.770631 0.010779 0.022173
1 0.014255 0.455692 0.010946 0.022013
1 0.014177 0.483811 0.010761 0.022080
1 0.013887 0.799081 0.010675 0.021600
1 0.013920 0.312436 0.011036 0.022574
1 0.014194 0.284407 0.011748 0.024261
1 0.013814 0.654941 0.010776 0.023201
1 0.014167 0.427571 0.010811 0.022007
1 0.014010 0.741656 0.010787 0.021913
1 0.013979 0.513311 0.010604 0.022769
1 0.013896 0.627192 0.010608 0.021848
1 0.013823 0.828041 0.010570 0.022535
1 0.013822 0.542504 0.010630 0.021515
1 0.013853 0.570580 0.010508 0.021733
4 0.356725 0.369538 0.088706 0.030945
4 0.263148 0.425357 0.101814 0.031376
1 0.014161 0.399203 0.010465 0.022406
1 0.013908 0.599412 0.010460 0.022047
4 0.263081 0.369417 0.101787 0.031189
4 0.356829 0.425485 0.088469 0.031593
1 0.013957 0.370121 0.010260 0.022056
1 0.013788 0.855410 0.011394 0.021318
4 0.262477 0.397854 0.102740 0.030054
1 0.013898 0.340005 0.010700 0.024011
1 0.013895 0.685028 0.010252 0.022443
4 0.356713 0.398028 0.089176 0.030369
4 0.357411 0.901687 0.031821 0.029704
1 0.013906 0.714193 0.010700 0.022157
4 0.263192 0.483449 0.101934 0.030285
4 0.146224 0.398247 0.134524 0.030496
4 0.356620 0.311756 0.089126 0.030062
4 0.262903 0.312067 0.101963 0.029849
4 0.146390 0.426148 0.134078 0.031332
4 0.146096 0.370034 0.134572 0.031795
4 0.262480 0.454689 0.102620 0.031273
4 0.357762 0.455025 0.089915 0.031409
4 0.263206 0.569541 0.102591 0.031769
4 0.144091 0.284709 0.133826 0.031311
4 0.357583 0.483321 0.090006 0.030341
4 0.146536 0.454902 0.133795 0.031866
0 0.934026 0.022924 0.017017 0.032759
4 0.263199 0.541732 0.102440 0.031850
4 0.264126 0.511973 0.103488 0.032099
4 0.411467 0.369528 0.022786 0.029283
4 0.263115 0.625196 0.102348 0.032113
4 0.144664 0.312457 0.134182 0.030189
4 0.356947 0.541683 0.088758 0.032027
4 0.263077 0.683731 0.101990 0.032977
4 0.357534 0.512202 0.089342 0.031845
4 0.411487 0.426277 0.022889 0.029979
0 0.981719 0.023314 0.016350 0.034688
4 0.262651 0.341265 0.101400 0.032810
4 0.356934 0.569909 0.088565 0.030849
4 0.263107 0.597792 0.102036 0.031615
4 0.411534 0.454851 0.022875 0.030297
0 0.017650 0.022856 0.014954 0.031092
4 0.356670 0.683627 0.088717 0.032690
4 0.411513 0.483271 0.022751 0.029053
0 0.957596 0.023255 0.016534 0.032952
4 0.145904 0.482636 0.137188 0.031302
4 0.356699 0.625767 0.089354 0.031682
4 0.411159 0.341016 0.022540 0.030621
4 0.411560 0.312427 0.022504 0.027454
4 0.459754 0.455048 0.076101 0.031020
4 0.411307 0.398486 0.022901 0.029283
4 0.459928 0.426529 0.076550 0.030688
4 0.356846 0.598059 0.088499 0.030765
4 0.356848 0.341062 0.088339 0.032740
4 0.146215 0.511072 0.137868 0.032800
4 0.263100 0.655598 0.101150 0.033582
4 0.262881 0.712593 0.101697 0.030797
4 0.411436 0.511749 0.022619 0.030560
4 0.146148 0.540782 0.137654 0.033078
4 0.263085 0.740508 0.101758 0.031906
4 0.143600 0.340943 0.132644 0.033160
4 0.356514 0.655549 0.087997 0.031440
4 0.145316 0.683277 0.136330 0.033226
4 0.459312 0.370995 0.074494 0.027277
4 0.459645 0.483443 0.075989 0.030131
4 0.145988 0.712954 0.134868 0.031176
4 0.356348 0.284517 0.087802 0.031668
4 0.145239 0.624458 0.136144 0.031418
4 0.145895 0.569311 0.137131 0.031986
4 0.459476 0.541345 0.076052 0.031402
4 0.356766 0.740931 0.088450 0.031877
4 0.459605 0.511858 0.076071 0.031669
4 0.357310 0.712902 0.089634 0.031001
4 0.411345 0.541157 0.022624 0.030110
4 0.459136 0.311747 0.074130 0.027514
4 0.145605 0.597416 0.136543 0.031727
4 0.145791 0.798512 0.132743 0.025945
4 0.459803 0.569644 0.072470 0.028073
4 0.411488 0.683426 0.022863 0.030608
4 0.411560 0.569812 0.022875 0.029036
4 0.460631 0.598841 0.072612 0.031031
4 0.460009 0.398649 0.076578 0.030226
4 0.146578 0.655995 0.133767 0.032928
4 0.262484 0.769234 0.102474 0.031129
4 0.145602 0.741662 0.133122 0.027053
4 0.145602 0.768715 0.131609 0.025461
4 0.145034 0.831175 0.132743 0.031031
4 0.146169 0.856238 0.132743 0.017505
4 0.262083 0.799746 0.100598 0.033418
4 0.262461 0.831175 0.101354 0.027848
4 0.263218 0.856238 0.099841 0.017505
4 0.357008 0.772296 0.086983 0.027848
4 0.357197 0.800939 0.088117 0.029440
4 0.356441 0.830777 0.087361 0.027053
4 0.357197 0.855442 0.086605 0.022279
4 0.411467 0.654537 0.021178 0.026257
4 0.412223 0.625098 0.022691 0.029440
4 0.412790 0.596454 0.020800 0.024666
4 0.412979 0.713814 0.021935 0.031827
4 0.411845 0.741662 0.024204 0.028644
4 0.412034 0.772693 0.023826 0.028644
4 0.412601 0.804122 0.021935 0.027848
4 0.412223 0.829981 0.021178 0.023870
4 0.411845 0.855840 0.021935 0.023074
4 0.459685 0.339454 0.073746 0.032622
4 0.461009 0.629474 0.072612 0.031827
4 0.459307 0.658118 0.076015 0.031827
4 0.460064 0.686762 0.074503 0.027053
4 0.460442 0.713814 0.073746 0.030235
4 0.460820 0.742060 0.072990 0.027848
4 0.461009 0.769909 0.072612 0.029440
4 0.460631 0.801735 0.072612 0.031031
4 0.460631 0.831573 0.074124 0.030235
4 0.460442 0.855840 0.073746 0.019892