4 0.210820 0.503558 0.101120 0.044794
0 0.020806 0.247062 0.022214 0.040984
4 0.394963 0.299239 0.386689 0.041740
1 0.042590 0.900750 0.016049 0.033442
0 0.682402 0.105902 0.115270 0.035027
4 0.180469 0.400421 0.038889 0.047385
1 0.042117 0.860278 0.017072 0.035360
4 0.760859 0.196093 0.083410 0.040936
0 0.349077 0.106463 0.089333 0.041038
4 0.393751 0.400966 0.391537 0.051458
4 0.240917 0.195875 0.083723 0.040502
4 0.520293 0.196263 0.213610 0.041277
0 0.978143 0.105649 0.043713 0.037197
0 0.257576 0.105014 0.083853 0.035192
1 0.064316 0.860236 0.020543 0.037292
0 0.555927 0.105890 0.051828 0.032619
0 0.089371 0.105770 0.155623 0.037273
0 0.461086 0.105929 0.120587 0.036516
2 0.120249 0.194679 0.161377 0.044165
0 0.020768 0.759546 0.022841 0.043937
0 0.191485 0.104409 0.030634 0.032339
2 0.790251 0.104916 0.084668 0.035406
1 0.064005 0.900112 0.020443 0.036341
1 0.063787 0.939906 0.019921 0.036381
2 0.859581 0.104476 0.040117 0.035769
0 0.594854 0.247247 0.050528 0.035880
0 0.299426 0.249601 0.072174 0.036160
0 0.225050 0.246247 0.036843 0.033223
1 0.043309 0.940391 0.017348 0.034207
0 0.526873 0.246745 0.055643 0.033076
0 0.420094 0.247307 0.125214 0.032503
0 0.603215 0.105018 0.025661 0.032560
4 0.427312 0.504258 0.338837 0.048250
0 0.938429 0.105647 0.018677 0.036024
4 0.172709 0.297983 0.024710 0.043334
4 0.878328 0.860905 0.049948 0.042718
4 0.155918 0.900591 0.024090 0.040580
4 0.665203 0.900118 0.081776 0.042494
4 0.131476 0.900108 0.027960 0.039983
0 0.021211 0.196642 0.023849 0.052353
4 0.758083 0.901061 0.106262 0.043427
4 0.878129 0.900927 0.049483 0.041799
4 0.096556 0.900120 0.044173 0.039947
0 0.121798 0.247351 0.137838 0.033866
4 0.832717 0.900846 0.045555 0.040850
4 0.096412 0.939606 0.044558 0.039656
4 0.878855 0.940534 0.049795 0.039836
4 0.131337 0.859498 0.027437 0.043482
4 0.513796 0.901346 0.124871 0.043305
4 0.513918 0.859342 0.124489 0.043935
4 0.665298 0.939172 0.082407 0.041375
0 0.799167 0.251376 0.017647 0.028011
4 0.131513 0.938830 0.027690 0.038930
4 0.832470 0.939877 0.045524 0.039316
4 0.156091 0.939206 0.024006 0.038928
4 0.239387 0.940644 0.143467 0.041466
4 0.097128 0.859208 0.042477 0.042008
0 0.023348 0.031597 0.019637 0.039669
4 0.832456 0.860485 0.043273 0.041852
4 0.513721 0.939998 0.125237 0.040975
4 0.239523 0.900657 0.143924 0.043577
4 0.240934 0.859460 0.143643 0.044334
0 0.988702 0.031951 0.021694 0.044745
4 0.758936 0.860300 0.109021 0.044910
4 0.757967 0.939516 0.106301 0.040905
4 0.156239 0.859323 0.024781 0.041568
0 0.920107 0.030436 0.022802 0.043252
4 0.590131 0.900508 0.029883 0.041087
0 0.954520 0.032275 0.022797 0.044124
4 0.915523 0.900710 0.029076 0.041313
4 0.916414 0.860440 0.027848 0.041976
0 0.041539 0.247164 0.016417 0.035896
4 0.664686 0.859407 0.081940 0.043009
4 0.382627 0.900915 0.144331 0.042972
4 0.590189 0.939732 0.029770 0.040216
4 0.382323 0.940610 0.145074 0.040758
4 0.614038 0.900126 0.020569 0.040102
4 0.382209 0.860052 0.137829 0.039599
4 0.615146 0.860052 0.017801 0.039599
4 0.590733 0.861122 0.031024 0.037459
4 0.614383 0.941391 0.018309 0.039599
4 0.916743 0.941927 0.025938 0.040670