0 0.657922 0.794795 0.023703 0.038255
4 0.173323 0.747617 0.040810 0.040049
4 0.173056 0.227491 0.039245 0.039324
4 0.484510 0.652951 0.062104 0.040006
0 0.160517 0.095940 0.024969 0.029442
4 0.204897 0.181206 0.102486 0.038751
4 0.196564 0.653024 0.085192 0.038691
0 0.314366 0.095615 0.114009 0.031701
4 0.496110 0.605982 0.085121 0.037204
0 0.894471 0.975256 0.073276 0.039692
0 0.081676 0.095552 0.115308 0.031426
4 0.196303 0.510826 0.085655 0.038833
4 0.273379 0.700770 0.069552 0.041115
4 0.188380 0.416882 0.069881 0.037678
4 0.242759 0.416521 0.037362 0.039001
4 0.196574 0.701183 0.086275 0.039241
4 0.619287 0.510794 0.086708 0.039888
4 0.588399 0.558647 0.024781 0.040079
4 0.495283 0.701318 0.084818 0.041111
4 0.273284 0.652986 0.068780 0.039074
4 0.531076 0.653223 0.030962 0.039990
4 0.419437 0.510303 0.055243 0.039379
0 0.960506 0.974569 0.045071 0.035993
4 0.196159 0.368447 0.084883 0.037609
0 0.214355 0.095236 0.066324 0.031134
0 0.412575 0.095467 0.068130 0.032240
4 0.596061 0.464426 0.039363 0.039104
4 0.188602 0.464160 0.070080 0.038226
4 0.573813 0.700888 0.069206 0.041476
4 0.254641 0.510644 0.031360 0.038553
4 0.312079 0.796062 0.317032 0.040482
4 0.223895 0.931029 0.138551 0.030300
2 0.475006 0.095656 0.040077 0.031346
4 0.554619 0.606095 0.030356 0.037714
4 0.484554 0.931167 0.076324 0.029949
4 0.308241 0.930407 0.030101 0.028825
1 0.159319 0.558880 0.014171 0.028388
0 0.957917 0.095850 0.051527 0.036096
1 0.159571 0.604753 0.014485 0.028599
4 0.539048 0.930587 0.030282 0.027976
1 0.314010 0.559321 0.014643 0.028400
0 0.037849 0.027878 0.021936 0.038855
1 0.637895 0.795690 0.014594 0.030842
0 0.900266 0.028832 0.023186 0.039942
0 0.934076 0.028740 0.023690 0.041363
0 0.968741 0.029605 0.024336 0.043156