4 0.218251 0.175648 0.134681 0.038647
1 0.438910 0.492401 0.013646 0.026957
1 0.728119 0.598755 0.013745 0.027257
0 0.470374 0.174448 0.021288 0.037940
1 0.823065 0.670812 0.012378 0.028125
1 0.822926 0.598561 0.011468 0.027422
4 0.188742 0.311009 0.078119 0.036370
1 0.438753 0.813843 0.013839 0.027640
1 0.822951 0.848694 0.011941 0.028162
1 0.438819 0.598556 0.013231 0.028204
1 0.728064 0.492746 0.013798 0.025117
4 0.195025 0.265888 0.090795 0.037989
2 0.350586 0.091768 0.034966 0.029017
0 0.314999 0.311468 0.134276 0.039174
1 0.438806 0.634432 0.013697 0.027358
0 0.104908 0.091685 0.080444 0.029791
1 0.823119 0.812919 0.011887 0.028138
4 0.164881 0.219891 0.029628 0.036858
1 0.439089 0.848772 0.013696 0.028247
0 0.385714 0.174502 0.021176 0.037713
0 0.406113 0.174912 0.020443 0.036885
1 0.823052 0.634052 0.011858 0.027553
1 0.823084 0.776965 0.012017 0.027426
0 0.196749 0.092854 0.087896 0.032491
1 0.728037 0.670755 0.013779 0.026841
1 0.621612 0.848424 0.012887 0.027392
1 0.728177 0.564226 0.013575 0.025508
1 0.822977 0.563998 0.012712 0.028494
1 0.590425 0.598787 0.013932 0.027650
1 0.728046 0.813357 0.013446 0.024795
0 0.427803 0.174327 0.019568 0.036135
1 0.621621 0.670429 0.013360 0.026713
1 0.438872 0.564496 0.013746 0.027485
1 0.728032 0.707084 0.013184 0.027225
1 0.438859 0.884190 0.014169 0.029088
0 0.448512 0.174298 0.020113 0.036319
0 0.031320 0.092311 0.052885 0.030675
0 0.978208 0.092631 0.043583 0.035373
1 0.728124 0.634291 0.013236 0.026003
1 0.823130 0.492614 0.012106 0.026922
1 0.439004 0.670472 0.013773 0.028353
1 0.438841 0.777959 0.013865 0.028358
1 0.590451 0.492428 0.014839 0.026636
1 0.728038 0.884541 0.013107 0.027787
2 0.286102 0.092436 0.076358 0.031936
1 0.621854 0.492262 0.012979 0.026274
1 0.823012 0.741659 0.012751 0.028198
1 0.621813 0.564692 0.013112 0.026391
1 0.728129 0.741624 0.013634 0.025059
1 0.438863 0.706895 0.014118 0.028818
1 0.727998 0.849008 0.013493 0.027126
1 0.759884 0.492713 0.012705 0.024778
1 0.728097 0.529109 0.013322 0.026886
1 0.590264 0.813282 0.014387 0.026869
1 0.590386 0.634397 0.014190 0.026871
1 0.012678 0.491585 0.014137 0.027780
1 0.590439 0.670633 0.014419 0.027828
1 0.438865 0.529188 0.014316 0.027980
1 0.590164 0.884319 0.014734 0.028985
1 0.438986 0.742140 0.013903 0.027344
1 0.728188 0.777379 0.013821 0.026253
1 0.590169 0.707216 0.014481 0.028074
1 0.759421 0.564681 0.012888 0.025274
1 0.790374 0.493172 0.013625 0.026474
1 0.012516 0.776875 0.013319 0.027540
1 0.621591 0.598679 0.012420 0.026917
1 0.822812 0.918831 0.012831 0.027654
1 0.590440 0.564317 0.014263 0.027129
1 0.759204 0.598607 0.012290 0.025978
1 0.790829 0.599111 0.012618 0.027106
1 0.621792 0.741991 0.013224 0.026383
1 0.590382 0.848839 0.014247 0.028123
1 0.621733 0.633565 0.012825 0.027212
1 0.590502 0.741734 0.014306 0.026691
1 0.759530 0.671135 0.013496 0.025579
1 0.822805 0.706876 0.012441 0.028573
0 0.176400 0.403830 0.035632 0.034435
1 0.621663 0.812653 0.012891 0.027071
1 0.590294 0.777413 0.014642 0.027344
1 0.759463 0.742284 0.013332 0.024764
1 0.822985 0.528479 0.012768 0.028031
1 0.621501 0.777507 0.013057 0.026487
1 0.621593 0.919431 0.013550 0.026304
1 0.621617 0.883977 0.013401 0.028246
1 0.759434 0.919677 0.013427 0.024816
1 0.012578 0.634122 0.013675 0.028347
1 0.012502 0.741756 0.013332 0.027527
1 0.590221 0.528918 0.014818 0.028258
1 0.822864 0.884292 0.012404 0.028925
1 0.012550 0.564179 0.013674 0.027629
4 0.217071 0.741208 0.131485 0.038571
1 0.621533 0.706896 0.013221 0.027331
1 0.012520 0.597923 0.013513 0.028540
1 0.438852 0.919615 0.013985 0.027620
4 0.217432 0.669794 0.132374 0.040154
1 0.759362 0.706695 0.013177 0.026213
1 0.012561 0.670704 0.014009 0.028865
1 0.728137 0.919231 0.013524 0.026539
1 0.759446 0.884310 0.013106 0.026951
1 0.790721 0.564493 0.012875 0.026831
1 0.759490 0.528764 0.013221 0.025779
1 0.790488 0.528984 0.013553 0.027368
1 0.012515 0.813476 0.013295 0.027776
1 0.759505 0.633579 0.012797 0.026417
4 0.217974 0.564364 0.133883 0.037510
1 0.012512 0.848742 0.013543 0.029138
1 0.621683 0.528668 0.013635 0.027184
4 0.302445 0.776623 0.040523 0.039445
1 0.759295 0.777073 0.013257 0.024904
4 0.216561 0.813530 0.132461 0.039063
4 0.217710 0.777144 0.133687 0.039694
4 0.217869 0.705862 0.133740 0.039143
4 0.302285 0.848294 0.042143 0.036511
1 0.012475 0.884178 0.013577 0.028274
1 0.791015 0.777578 0.013647 0.026727
4 0.217249 0.848479 0.131716 0.037889
4 0.217556 0.634256 0.131928 0.038588
4 0.494655 0.526952 0.082265 0.038715
1 0.012499 0.706890 0.013323 0.027216
4 0.218096 0.599780 0.134122 0.038147
4 0.302024 0.740914 0.041068 0.037778
1 0.012628 0.528258 0.013823 0.026345
4 0.302351 0.812936 0.042137 0.037673
1 0.790627 0.884663 0.013374 0.027944
1 0.590184 0.919159 0.014652 0.027598
4 0.302604 0.882991 0.041636 0.039154
1 0.012320 0.919356 0.013761 0.026354
4 0.086668 0.741220 0.133570 0.038867
4 0.494769 0.490680 0.081804 0.038405
1 0.759558 0.849023 0.012870 0.026093
1 0.790899 0.741978 0.013437 0.026903
1 0.790558 0.707412 0.013413 0.026983
1 0.790546 0.671556 0.013439 0.027762
4 0.494946 0.597760 0.082544 0.037243
4 0.085583 0.777123 0.134779 0.039545
4 0.217167 0.920322 0.131224 0.041640
4 0.302238 0.705645 0.041710 0.037413
1 0.759392 0.812765 0.012926 0.025703
4 0.086831 0.705657 0.135269 0.039280
4 0.217470 0.883053 0.133415 0.039417
4 0.085806 0.813457 0.135277 0.039265
4 0.494916 0.882445 0.081007 0.038145
4 0.494809 0.776083 0.081929 0.039359
4 0.085696 0.882878 0.133693 0.039375
1 0.791054 0.633762 0.014200 0.027302
4 0.087025 0.669700 0.135494 0.039562
4 0.086557 0.848058 0.133911 0.038525
4 0.301912 0.669344 0.040746 0.038440
4 0.302161 0.921789 0.041881 0.043615
1 0.790544 0.919152 0.013316 0.026895
4 0.675086 0.490700 0.075301 0.036999
4 0.495103 0.632616 0.081500 0.037708
1 0.790819 0.849546 0.012804 0.027723
4 0.675144 0.526675 0.075583 0.038856
4 0.364835 0.740103 0.029958 0.036964
4 0.401237 0.705443 0.044744 0.036249
4 0.495102 0.562357 0.083487 0.036980
4 0.675877 0.561886 0.074283 0.035539
4 0.494506 0.704871 0.082483 0.038758
4 0.085623 0.919345 0.134184 0.040705
4 0.401604 0.776310 0.045220 0.036457
4 0.494573 0.740551 0.081767 0.038471
4 0.365116 0.776452 0.030335 0.038440
4 0.495000 0.668531 0.082526 0.039603
1 0.790694 0.813478 0.012918 0.025997
4 0.401345 0.848219 0.044004 0.034716
4 0.364947 0.882836 0.030387 0.037932
4 0.336446 0.812944 0.030815 0.037228
4 0.364903 0.812630 0.029883 0.037745
4 0.400878 0.812130 0.045312 0.036947
4 0.401296 0.740407 0.044999 0.035108
4 0.364757 0.705451 0.029389 0.037129
4 0.401411 0.882870 0.044371 0.036172
4 0.675047 0.882149 0.076246 0.037484
4 0.494736 0.847286 0.081750 0.037926
4 0.675120 0.597565 0.077136 0.035569
4 0.400594 0.562993 0.045830 0.034367
4 0.216955 0.528139 0.133912 0.037989
4 0.400533 0.491291 0.045538 0.035011
4 0.364765 0.847907 0.029935 0.036705
4 0.675319 0.631888 0.076377 0.037043
0 0.957458 0.028852 0.021714 0.041150
4 0.675756 0.668909 0.074713 0.037131
0 0.989097 0.028593 0.020538 0.039906
4 0.555116 0.882806 0.041506 0.036828
4 0.494595 0.918541 0.081777 0.037652
4 0.086475 0.633807 0.133654 0.039109
4 0.675640 0.739673 0.074484 0.035480
0 0.926790 0.028405 0.021868 0.039732
4 0.555081 0.490835 0.040569 0.035784
0 0.016459 0.028149 0.019007 0.039358
4 0.401153 0.527986 0.044647 0.035165
4 0.336608 0.740418 0.030531 0.036270
4 0.554799 0.527497 0.040702 0.036218
4 0.555313 0.917871 0.041016 0.035811
4 0.674997 0.704319 0.075519 0.037869
4 0.555186 0.632936 0.041347 0.037021
4 0.400987 0.669719 0.043983 0.035972
4 0.555429 0.562214 0.040992 0.035276
4 0.400893 0.597771 0.044662 0.034683
0 0.227064 0.402905 0.031196 0.034506
4 0.363967 0.527878 0.028111 0.036624
4 0.674775 0.919375 0.075599 0.038867
4 0.336314 0.883157 0.030108 0.037809
4 0.674817 0.847005 0.075760 0.037638
4 0.336626 0.848099 0.030610 0.036133
1 0.012148 0.947921 0.013908 0.020359
4 0.555334 0.669207 0.041471 0.037243
4 0.401489 0.918307 0.044719 0.035461
4 0.494225 0.812295 0.082685 0.037913
4 0.364892 0.920824 0.029764 0.042778
4 0.364437 0.564075 0.029356 0.035567
4 0.555359 0.847957 0.041589 0.035333
4 0.675206 0.775414 0.076410 0.038753
4 0.555452 0.597424 0.041077 0.035495
4 0.302349 0.634896 0.040056 0.034964
4 0.087458 0.564045 0.134600 0.037725
4 0.336433 0.705606 0.030589 0.037236
4 0.364693 0.669332 0.029736 0.038736
0 0.118401 0.402250 0.050765 0.038347
4 0.400893 0.633376 0.045302 0.034868
4 0.086442 0.598120 0.133027 0.037289
4 0.555190 0.811909 0.041385 0.037270
4 0.674878 0.811689 0.075635 0.037356
4 0.336718 0.920854 0.029782 0.041806
4 0.302468 0.564906 0.041273 0.035327
4 0.555199 0.705165 0.041435 0.036941
4 0.336615 0.776189 0.030580 0.038609
4 0.363843 0.491169 0.028287 0.036669
4 0.364606 0.633493 0.030015 0.036735
4 0.555234 0.775930 0.041486 0.036731
4 0.555337 0.739827 0.041525 0.035288
1 0.822890 0.945945 0.012296 0.018167
1 0.438766 0.946927 0.013491 0.018025
4 0.302623 0.599306 0.038453 0.034085
4 0.335546 0.597708 0.025284 0.035150
4 0.335546 0.561493 0.024231 0.033020
4 0.362674 0.597176 0.027918 0.031955
4 0.336863 0.634988 0.024758 0.035150
4 0.335809 0.667476 0.025811 0.034085