4 0.794850 0.304832 0.410300 0.165949
0 0.061189 0.293258 0.021410 0.036855
0 0.037589 0.292956 0.020430 0.036723
0 0.162463 0.293141 0.021816 0.038825
0 0.089933 0.293438 0.022369 0.039248
2 0.334994 0.145104 0.138801 0.038928
0 0.247840 0.189614 0.020038 0.036180
1 0.266649 0.710658 0.014374 0.028439
0 0.118144 0.293791 0.017943 0.037792
1 0.266614 0.846925 0.014642 0.028330
1 0.266541 0.745144 0.014506 0.027215
4 0.895904 0.146319 0.075740 0.037922
1 0.266611 0.812765 0.014760 0.028260
0 0.378140 0.090990 0.043005 0.027290
2 0.815113 0.090808 0.033898 0.028107
2 0.645680 0.407477 0.107374 0.037974
1 0.285440 0.914572 0.017609 0.031510
0 0.898391 0.975592 0.063230 0.035893
0 0.970187 0.091276 0.041944 0.029654
4 0.441817 0.145316 0.074346 0.038671
0 0.629649 0.091745 0.045372 0.026449
0 0.327575 0.091437 0.043842 0.026917
1 0.266535 0.778595 0.014960 0.028934
0 0.247581 0.625693 0.019491 0.035354
0 0.261279 0.091412 0.075142 0.029042
0 0.546577 0.092093 0.105290 0.028771
0 0.202875 0.090604 0.028428 0.026276
2 0.012360 0.293947 0.024720 0.037588
4 0.686624 0.145678 0.192196 0.039353
1 0.285358 0.846476 0.018267 0.031810
0 0.962655 0.976732 0.053626 0.031754
1 0.266587 0.880843 0.015228 0.029520
4 0.812703 0.814096 0.071167 0.037429
4 0.679910 0.779362 0.110394 0.037924
1 0.285234 0.812166 0.018003 0.031772
4 0.680064 0.814163 0.110873 0.038179
4 0.893494 0.778873 0.095542 0.037129
4 0.893524 0.880823 0.093670 0.039086
4 0.747106 0.745325 0.026404 0.034667
0 0.910943 0.091418 0.014635 0.027356
4 0.894129 0.745926 0.093982 0.035900
4 0.747016 0.813772 0.027012 0.035758
4 0.746889 0.847305 0.027081 0.034012
4 0.893881 0.813764 0.093553 0.038043
0 0.104068 0.091273 0.152382 0.031347
4 0.812647 0.778789 0.071470 0.037202
4 0.812091 0.744978 0.072173 0.035344
1 0.285484 0.778679 0.017771 0.031803
4 0.747225 0.779340 0.026617 0.036534
4 0.812801 0.880902 0.071771 0.037716
4 0.812483 0.847442 0.071267 0.035441
1 0.285511 0.880971 0.017862 0.032188
4 0.893823 0.847618 0.093702 0.036302
0 0.447083 0.091617 0.080147 0.027820
0 0.740884 0.092143 0.101254 0.029065
4 0.680206 0.745325 0.111108 0.036632
4 0.746895 0.881352 0.026977 0.036866
4 0.680063 0.847753 0.111169 0.035774
4 0.123624 0.460831 0.223192 0.039323
4 0.769015 0.881088 0.019005 0.035504
4 0.120700 0.496078 0.220816 0.038751
4 0.439806 0.814059 0.125600 0.038538
4 0.124041 0.562679 0.223565 0.038685
4 0.314277 0.846557 0.040102 0.034853
0 0.569947 0.190910 0.069917 0.028995
1 0.266699 0.915137 0.014650 0.028752
0 0.671326 0.091301 0.022662 0.025735
0 0.933498 0.091045 0.015719 0.027179
1 0.285338 0.744768 0.018267 0.031461
4 0.314212 0.744845 0.039912 0.034420
4 0.768963 0.779004 0.018749 0.035578
4 0.121508 0.529962 0.220403 0.036372
4 0.121112 0.597919 0.220532 0.038766
0 0.744648 0.192626 0.115883 0.029596
4 0.314224 0.812269 0.040156 0.034591
4 0.680332 0.880595 0.110643 0.038183
4 0.812881 0.917585 0.071078 0.041051
4 0.439285 0.847714 0.126171 0.036181
4 0.122070 0.426477 0.223687 0.038061
4 0.768958 0.847355 0.019080 0.033836
4 0.768935 0.814065 0.019378 0.035667
4 0.314213 0.709257 0.038988 0.035047
4 0.314517 0.778641 0.040268 0.035146
4 0.439769 0.746004 0.126967 0.036324
4 0.811647 0.710657 0.070509 0.035518
4 0.680404 0.915639 0.110963 0.037986
4 0.007226 0.735158 0.014452 0.036046
4 0.124212 0.664028 0.223848 0.038666
4 0.314526 0.880769 0.040208 0.035641
4 0.007209 0.630641 0.014418 0.034337
4 0.438603 0.880463 0.124481 0.038335
4 0.007201 0.835917 0.014402 0.034564
4 0.439714 0.779383 0.124629 0.038273
2 0.134767 0.293739 0.016973 0.037932
4 0.007084 0.529124 0.014167 0.034581
4 0.894614 0.711266 0.094941 0.037925
4 0.366552 0.880485 0.023963 0.035426
4 0.893364 0.917611 0.093501 0.041229
0 0.647001 0.191691 0.055799 0.026796
4 0.746429 0.916004 0.026811 0.037009
4 0.007244 0.597714 0.014488 0.036241
4 0.121531 0.699813 0.220582 0.039736
4 0.007242 0.802005 0.014484 0.037298
4 0.439938 0.916064 0.125536 0.037582
4 0.768614 0.745412 0.018488 0.034245
4 0.007232 0.700351 0.014464 0.038507
4 0.366428 0.745197 0.022798 0.034528
0 0.449585 0.192068 0.030182 0.030656
4 0.124358 0.768186 0.224173 0.036730
4 0.121826 0.631779 0.220688 0.036338
4 0.366302 0.846985 0.023508 0.034769
4 0.007102 0.767766 0.014204 0.033049
4 0.768796 0.916748 0.019303 0.037011
4 0.366467 0.779061 0.023097 0.035296
4 0.007232 0.665004 0.014464 0.036648
4 0.007247 0.563145 0.014494 0.036263
4 0.366482 0.812884 0.023434 0.035425
4 0.007207 0.903614 0.014414 0.036881
4 0.122137 0.735424 0.219957 0.038246
1 0.285334 0.709811 0.018154 0.032314
0 0.499512 0.190660 0.040376 0.027373
4 0.121956 0.801953 0.220997 0.038714
4 0.007217 0.869164 0.014434 0.035619
0 0.877353 0.190313 0.121973 0.031960
4 0.007139 0.495987 0.014277 0.036613
0 0.967281 0.191128 0.032051 0.029571
4 0.314176 0.915008 0.039515 0.035605
4 0.680063 0.710067 0.109335 0.034557
4 0.006864 0.460920 0.013728 0.035178
0 0.948475 0.029243 0.020745 0.039280
0 0.918192 0.029028 0.021313 0.038495
0 0.392333 0.192441 0.051935 0.028646
0 0.040217 0.028870 0.018492 0.037107
4 0.988213 0.846882 0.023371 0.035250
4 0.121907 0.903850 0.221229 0.040012
4 0.988293 0.779451 0.023414 0.037194
4 0.988281 0.881575 0.023438 0.037206
4 0.366198 0.915030 0.023351 0.035419
4 0.122491 0.836082 0.221265 0.037587
4 0.988225 0.812843 0.023550 0.035348
4 0.006816 0.426098 0.013632 0.034023
4 0.988151 0.745500 0.023668 0.034979
4 0.123935 0.868515 0.223396 0.038060
0 0.977194 0.029850 0.020937 0.040047
0 0.247633 0.145075 0.022335 0.040464
4 0.366589 0.710060 0.022860 0.034776
4 0.987740 0.708928 0.019358 0.026303
4 0.988569 0.913717 0.022861 0.030061
4 0.441095 0.709867 0.122603 0.028182