4 0.641524 0.272513 0.380458 0.047973
0 0.040847 0.349803 0.022352 0.043426
0 0.066817 0.349985 0.025392 0.045676
0 0.100268 0.349674 0.025292 0.047417
0 0.279602 0.105138 0.084193 0.032390
0 0.213931 0.104829 0.030079 0.030968
0 0.640361 0.104951 0.025658 0.030686
4 0.462669 0.474297 0.099081 0.043309
1 0.318155 0.868705 0.020129 0.036908
1 0.318414 0.828338 0.020074 0.037503
4 0.641227 0.373918 0.381052 0.046105
4 0.870143 0.732568 0.255878 0.043016
1 0.903261 0.909181 0.019519 0.037291
4 0.675894 0.475248 0.328984 0.047548
0 0.275814 0.219752 0.022112 0.039350
2 0.801205 0.104558 0.038582 0.033160
1 0.297047 0.868985 0.015172 0.032908
1 0.903107 0.869716 0.019601 0.037191
0 0.409796 0.104868 0.047447 0.031399
0 0.927148 0.105360 0.016824 0.033094
0 0.593951 0.105584 0.050772 0.031628
0 0.353598 0.104875 0.047364 0.032106
0 0.181178 0.349113 0.023223 0.046980
1 0.297359 0.909239 0.015046 0.034331
1 0.903127 0.829175 0.019223 0.037940
0 0.103686 0.105742 0.169674 0.036454
4 0.425728 0.271568 0.025652 0.044148
4 0.764855 0.171616 0.209650 0.040126
1 0.297090 0.828891 0.015457 0.033248
2 0.492887 0.729624 0.174137 0.045863
4 0.432796 0.373840 0.038222 0.045484
0 0.717945 0.106099 0.112094 0.035329
4 0.491643 0.170569 0.083929 0.038032
1 0.318492 0.908760 0.019823 0.037398
0 0.274991 0.728684 0.022384 0.042855
0 0.888615 0.982485 0.069937 0.032999
0 0.967335 0.104747 0.047223 0.033939
0 0.502555 0.106363 0.116049 0.034170
4 0.978668 0.168738 0.041883 0.041147
2 0.371837 0.169964 0.158875 0.042012
1 0.006124 0.704676 0.012248 0.033876
0 0.902107 0.105604 0.015910 0.033500
0 0.276082 0.169833 0.023552 0.048717
0 0.547935 0.224139 0.072098 0.035900
0 0.960764 0.983938 0.061189 0.030698
1 0.005991 0.784462 0.011982 0.032065
0 0.475981 0.221227 0.037086 0.034369
2 0.013206 0.349765 0.026403 0.044628
4 0.530746 0.910276 0.139149 0.043264
4 0.799721 0.869408 0.123523 0.043144
4 0.799904 0.910396 0.122743 0.044525
4 0.965240 0.909465 0.067859 0.040276
4 0.532249 0.870277 0.141282 0.043472
0 0.666220 0.221420 0.123756 0.034883
1 0.006019 0.664237 0.012038 0.033816
1 0.005772 0.743922 0.011543 0.031002
4 0.964391 0.828116 0.065734 0.044282
4 0.532861 0.829291 0.140994 0.044353
0 0.295865 0.220859 0.014830 0.035995
4 0.800783 0.829005 0.121709 0.043776
1 0.006270 0.624864 0.012540 0.036957
1 0.005804 0.823831 0.011607 0.030768
4 0.964547 0.869238 0.065823 0.042460
1 0.006315 0.545088 0.012629 0.035509
4 0.670612 0.828835 0.143164 0.044456
4 0.392844 0.828281 0.041425 0.042441
4 0.351084 0.909503 0.044510 0.042044
4 0.351557 0.828007 0.043014 0.042184
4 0.351553 0.869292 0.043146 0.042281
4 0.393036 0.869360 0.041937 0.042717
1 0.005961 0.863887 0.011922 0.030648
4 0.670571 0.870086 0.141843 0.043120
2 0.148939 0.349328 0.022194 0.044029
1 0.006107 0.504968 0.012213 0.033223
4 0.670140 0.910712 0.140652 0.044493
4 0.876952 0.909230 0.034261 0.040478
4 0.392879 0.910500 0.042685 0.042426
0 0.770970 0.221280 0.055153 0.034435
1 0.006145 0.584292 0.012290 0.036153
0 0.032229 0.032541 0.021510 0.043541
2 0.137999 0.348445 0.033056 0.045731
0 0.910956 0.032101 0.022721 0.043459
0 0.375903 0.221500 0.141150 0.035427
4 0.876715 0.868947 0.034071 0.040013
4 0.876532 0.828841 0.033488 0.040345
0 0.943901 0.033028 0.023148 0.045212
1 0.006432 0.464793 0.012864 0.035348
0 0.976140 0.032818 0.022305 0.045170
4 0.450676 0.828699 0.024494 0.044165
4 0.450354 0.869139 0.024308 0.041332
2 0.066262 0.463361 0.100027 0.034922
4 0.450019 0.910820 0.024730 0.042933
4 0.425908 0.828175 0.026624 0.042932
4 0.425358 0.870357 0.024758 0.037150
4 0.425885 0.911447 0.020544 0.038276
0 0.107722 0.505608 0.145912 0.039402
0 0.090866 0.545572 0.109039 0.038276
0 0.079804 0.584974 0.084808 0.040528
0 0.081648 0.624939 0.084282 0.039402
0 0.140908 0.664341 0.207016 0.041653
0 0.091656 0.707683 0.099031 0.042779
0 0.071903 0.747648 0.061631 0.037150
0 0.089549 0.784235 0.095870 0.040528
0 0.143805 0.825326 0.208597 0.037150
0 0.110093 0.862476 0.148546 0.037150