4 0.474530 0.500268 0.039850 0.043665
4 0.337476 0.551329 0.146826 0.044885
4 0.337363 0.398071 0.148286 0.047245
4 0.498391 0.449014 0.087798 0.042449
4 0.307769 0.449165 0.087014 0.042370
4 0.303383 0.705537 0.079353 0.043674
4 0.284065 0.654832 0.040582 0.046930
4 0.474090 0.757640 0.039546 0.043226
4 0.528440 0.397643 0.145481 0.046044
4 0.493244 0.705801 0.080424 0.043816
4 0.474456 0.603191 0.039986 0.043790
4 0.291372 0.243314 0.054621 0.044845
4 0.283424 0.758126 0.039427 0.043985
4 0.307126 0.860053 0.087088 0.043831
4 0.284042 0.603298 0.040449 0.042965
4 0.527458 0.550888 0.145728 0.044163
0 0.615687 0.859869 0.031243 0.041949
4 0.496782 0.859823 0.088427 0.043944
4 0.283906 0.500305 0.040792 0.043189
0 0.359737 0.102389 0.163403 0.036945
0 0.081424 0.101977 0.149203 0.036353
4 0.505319 0.912106 0.101720 0.041774
0 0.615492 0.809394 0.030928 0.044760
0 0.217521 0.101959 0.100800 0.034681
0 0.615685 0.911258 0.030685 0.042577
0 0.615710 0.706411 0.031263 0.043707
0 0.615598 0.758077 0.031316 0.043612
4 0.474601 0.654850 0.040236 0.045982
4 0.281119 0.810576 0.035150 0.046358
4 0.314198 0.912267 0.101341 0.041761
0 0.615968 0.397458 0.030096 0.043575
4 0.471291 0.809059 0.033841 0.045156
2 0.565028 0.100949 0.040195 0.033069
0 0.495115 0.102035 0.085306 0.034702
0 0.615927 0.603054 0.031855 0.043258
0 0.615981 0.551505 0.030907 0.044354
0 0.615806 0.655508 0.031150 0.044402
0 0.615823 0.499547 0.031623 0.043216
0 0.615768 0.448088 0.031084 0.042714
0 0.973165 0.984448 0.052578 0.031104
0 0.974477 0.102835 0.049918 0.040725
4 0.474316 0.950525 0.038783 0.026211
0 0.615547 0.950813 0.030237 0.023721
0 0.020670 0.027327 0.020351 0.041602
0 0.984691 0.028944 0.023162 0.044500
0 0.917136 0.027903 0.023150 0.043760
0 0.950742 0.029122 0.023430 0.044698