0 0.962490 0.975384 0.036527 0.039397
4 0.170491 0.415179 0.039797 0.040335
4 0.193470 0.226439 0.085362 0.040055
4 0.170437 0.463231 0.039903 0.039978
4 0.166697 0.652440 0.032598 0.042196
4 0.166850 0.606119 0.032038 0.038120
0 0.050299 0.092745 0.061287 0.031708
4 0.201470 0.367478 0.100097 0.039494
4 0.563278 0.415989 0.148543 0.041653
4 0.563094 0.367389 0.149279 0.043413
2 0.109459 0.092847 0.040174 0.031437
0 0.956145 0.093228 0.051512 0.036402
0 0.034640 0.025681 0.022014 0.038267
0 0.932657 0.026221 0.023482 0.040918
0 0.898654 0.026437 0.023387 0.039551
0 0.966603 0.026521 0.024715 0.041310