0 0.030561 0.182215 0.022801 0.045432
0 0.419877 0.827623 0.022954 0.041588
0 0.691638 0.827661 0.021923 0.041876
0 0.207714 0.827505 0.022704 0.043084
0 0.668881 0.828034 0.022950 0.042198
0 0.096529 0.181675 0.024243 0.047435
0 0.638932 0.165520 0.022970 0.042272
0 0.662541 0.165817 0.022975 0.042735
0 0.691487 0.165573 0.024147 0.043837
0 0.714938 0.827552 0.023277 0.041525
2 0.307120 0.419749 0.144467 0.044722
0 0.063414 0.182157 0.024554 0.047391
0 0.184402 0.827692 0.022666 0.041845
0 0.396677 0.827606 0.022359 0.040918
4 0.502435 0.165824 0.101188 0.045762
4 0.616234 0.318020 0.130642 0.046760
4 0.651302 0.369852 0.197512 0.046701
2 0.376131 0.166219 0.145844 0.045924
4 0.336550 0.317701 0.086822 0.045139
0 0.894942 0.972101 0.079849 0.041413
0 0.597311 0.828367 0.107381 0.044752
4 0.336215 0.369441 0.086298 0.044922
2 0.223959 0.164895 0.146748 0.044704
0 0.490783 0.828562 0.108378 0.042617
0 0.064645 0.100219 0.091954 0.034821
0 0.967675 0.971236 0.051464 0.037921
4 0.306130 0.828424 0.162357 0.046980
4 0.604466 0.743060 0.124928 0.043021
4 0.349564 0.744241 0.266714 0.044467
4 0.607688 0.165862 0.038223 0.043872
0 0.782661 0.827311 0.024033 0.043870
2 0.229241 0.099531 0.038253 0.031885
0 0.161962 0.265755 0.022466 0.041317
0 0.969050 0.100725 0.046603 0.035221
0 0.007729 0.182070 0.015458 0.045038
2 0.159400 0.100335 0.081966 0.035116
0 0.908053 0.100078 0.060675 0.035773
4 0.605081 0.663454 0.125116 0.043022
4 0.349841 0.664742 0.265664 0.042158
4 0.605157 0.702795 0.124285 0.042048
4 0.496153 0.742614 0.035434 0.040855
4 0.496138 0.702860 0.035732 0.041455
4 0.495887 0.663408 0.035836 0.041227
4 0.527836 0.702915 0.031276 0.041639
4 0.605428 0.623386 0.127740 0.042835
4 0.528027 0.663446 0.031015 0.041315
0 0.224092 0.268046 0.058257 0.040197
4 0.349721 0.704255 0.263749 0.042413
4 0.347671 0.624093 0.265311 0.042050
4 0.528160 0.742956 0.031015 0.041331
2 0.036565 0.496419 0.072724 0.032320
4 0.681492 0.742502 0.030398 0.040805
4 0.681280 0.663289 0.031535 0.041404
4 0.755245 0.742586 0.119135 0.042965
4 0.681313 0.702777 0.031558 0.041483
2 0.066949 0.297129 0.133887 0.036100
4 0.754541 0.623037 0.119700 0.043661
4 0.755173 0.663023 0.119141 0.043364
1 0.217424 0.420110 0.016144 0.034330
4 0.755954 0.702403 0.120819 0.043735
4 0.681230 0.622568 0.030913 0.042415
4 0.496101 0.623278 0.034865 0.041061
4 0.527992 0.622963 0.031321 0.041518
4 0.871181 0.702565 0.117046 0.042550
2 0.051364 0.576741 0.099798 0.032179
2 0.025457 0.416354 0.050369 0.031501
0 0.281828 0.267286 0.017892 0.034422
4 0.871760 0.623323 0.118339 0.043947
4 0.195343 0.743286 0.043963 0.042153
4 0.870962 0.662945 0.117636 0.043417
0 0.048338 0.456799 0.047477 0.027400
4 0.870603 0.742471 0.117140 0.043779
4 0.195521 0.623075 0.043366 0.042506
4 0.195446 0.663564 0.044154 0.041419
0 0.179564 0.421557 0.014215 0.030000
2 0.069173 0.655940 0.135850 0.034872
0 0.032621 0.026726 0.021406 0.042190
0 0.912099 0.027490 0.023643 0.042446
4 0.195488 0.702543 0.043855 0.042650
0 0.057243 0.376018 0.065538 0.032554
0 0.945027 0.028503 0.022974 0.043688
0 0.978349 0.028729 0.023482 0.044223
4 0.939595 0.663257 0.023814 0.040785
0 0.032423 0.970608 0.016738 0.032746
0 0.051216 0.336801 0.086929 0.033616
4 0.939759 0.702871 0.023718 0.041024
4 0.939400 0.743283 0.023706 0.041449
0 0.039741 0.535417 0.035234 0.031124
0 0.038102 0.618415 0.033596 0.027666
0 0.051213 0.696226 0.056539 0.041499