0 0.046620 0.348486 0.020441 0.042291
0 0.642477 0.104060 0.025188 0.030493
0 0.413634 0.104194 0.048053 0.030681
0 0.927207 0.104599 0.016433 0.032914
4 0.644653 0.375256 0.383023 0.048802
1 0.903177 0.872640 0.020015 0.036958
4 0.465168 0.474883 0.098142 0.044218
0 0.217747 0.103907 0.030008 0.030887
0 0.072196 0.348758 0.022593 0.044253
0 0.136311 0.350332 0.021048 0.044027
0 0.279591 0.218597 0.020291 0.037864
4 0.435724 0.374220 0.037923 0.045190
1 0.903186 0.912553 0.020011 0.038081
4 0.676464 0.475784 0.328713 0.048239
4 0.869132 0.731994 0.254051 0.049165
0 0.283080 0.104364 0.084386 0.032503
2 0.496239 0.731975 0.171151 0.047231
0 0.596294 0.104730 0.049414 0.031727
0 0.109737 0.104870 0.168913 0.036369
4 0.494579 0.169224 0.083450 0.042843
0 0.104667 0.349692 0.024364 0.045732
0 0.356461 0.104462 0.047232 0.032022
4 0.643171 0.271624 0.384943 0.045791
2 0.802171 0.103733 0.039343 0.032420
1 0.322174 0.912082 0.019395 0.037952
2 0.378996 0.169351 0.150170 0.041153
4 0.977573 0.168129 0.037859 0.042350
4 0.428895 0.270792 0.023871 0.043730
0 0.902133 0.104615 0.015850 0.033992
1 0.321792 0.871397 0.019468 0.037109
1 0.321908 0.830662 0.019291 0.038234
0 0.719272 0.105512 0.112035 0.034723
0 0.503986 0.105279 0.115524 0.034887
0 0.889026 0.983989 0.069892 0.032022
4 0.767045 0.169087 0.208707 0.045975
0 0.967770 0.104130 0.047085 0.034087
4 0.673389 0.833072 0.138666 0.044011
4 0.954826 0.872706 0.082278 0.041763
0 0.279535 0.730397 0.020166 0.040471
0 0.550070 0.221896 0.071851 0.035159
0 0.479210 0.219975 0.037928 0.035300
4 0.534722 0.833406 0.141130 0.043276
4 0.354543 0.871937 0.045129 0.041581
1 0.903172 0.831736 0.019815 0.037961
4 0.354412 0.831380 0.045101 0.041648
4 0.802844 0.832687 0.122005 0.044409
4 0.801761 0.873788 0.122636 0.043157
4 0.801905 0.914929 0.122688 0.045179
1 0.301244 0.871621 0.018762 0.035627
4 0.954632 0.831565 0.082043 0.042701
4 0.535215 0.874582 0.140720 0.043591
4 0.673168 0.874217 0.138575 0.042866
4 0.534028 0.913344 0.141337 0.042296
4 0.955230 0.912594 0.083063 0.040366
0 0.961668 0.986124 0.058599 0.027751
0 0.079935 0.614308 0.135891 0.033728
0 0.073455 0.562650 0.127141 0.033613
4 0.354004 0.912803 0.044134 0.041415
0 0.058130 0.664430 0.093748 0.033740
0 0.376908 0.220883 0.134066 0.034746
0 0.071115 0.817460 0.117448 0.036233
0 0.666408 0.221547 0.125058 0.033747
0 0.083225 0.766319 0.142141 0.034128
4 0.396062 0.832485 0.041699 0.042915
0 0.054236 0.715350 0.084444 0.030730
0 0.058839 0.459265 0.093661 0.033230
1 0.301087 0.912712 0.018552 0.036429
4 0.877755 0.914062 0.031051 0.042209
2 0.015812 0.348817 0.031602 0.043463
4 0.673236 0.913969 0.138954 0.043673
4 0.396161 0.873649 0.041960 0.042365
1 0.301041 0.830788 0.018399 0.037564
2 0.154818 0.350549 0.017315 0.043269
4 0.876937 0.873023 0.031354 0.040823
4 0.396413 0.914560 0.041710 0.042569
4 0.877167 0.832064 0.030392 0.042094
0 0.280264 0.169928 0.023289 0.045932
0 0.037403 0.031043 0.021182 0.041786
0 0.911441 0.031008 0.022463 0.042988
4 0.453163 0.914277 0.023783 0.041089
0 0.299468 0.219238 0.012714 0.034336
0 0.944098 0.031470 0.022565 0.044369
4 0.453392 0.832535 0.024236 0.042989
0 0.061535 0.408533 0.103104 0.034251
0 0.975734 0.031162 0.022243 0.044844
4 0.428606 0.832316 0.026688 0.042660
4 0.453581 0.873835 0.024869 0.041675
4 0.428811 0.873835 0.026491 0.041696
0 0.769972 0.221427 0.050491 0.034647
0 0.061182 0.510125 0.096143 0.040029
4 0.428821 0.913357 0.022943 0.041206