5 0.504724 0.535947 0.291531 0.316410
0 0.269871 0.517936 0.023349 0.043115
0 0.066464 0.343632 0.023067 0.045190
0 0.039765 0.343226 0.022758 0.043433
0 0.246826 0.518063 0.021768 0.041962
0 0.224056 0.517825 0.022470 0.042375
0 0.298929 0.517397 0.022673 0.042405
0 0.321933 0.517194 0.023496 0.042041
4 0.823073 0.165599 0.081442 0.042589
0 0.099454 0.343801 0.024104 0.044827
4 0.587411 0.165283 0.207761 0.039250
0 0.889926 0.974950 0.071364 0.040224
0 0.893613 0.569820 0.135308 0.041662
4 0.314921 0.165638 0.084637 0.045127
4 0.786123 0.719927 0.054427 0.043161
0 0.991483 0.567351 0.017033 0.046062
0 0.349979 0.517481 0.020294 0.042640
0 0.928706 0.101628 0.017902 0.034241
2 0.231769 0.165848 0.083823 0.043752
0 0.969186 0.101233 0.047106 0.034964
0 0.197705 0.517938 0.018526 0.044261
0 0.738673 0.100863 0.025645 0.031353
0 0.409660 0.101092 0.047939 0.032149
4 0.296487 0.870336 0.136976 0.044655
0 0.962097 0.975878 0.061882 0.037622
0 0.353516 0.100533 0.048686 0.032599
0 0.691811 0.102057 0.051048 0.033012
2 0.012613 0.343479 0.025134 0.043072
4 0.786123 0.770774 0.054656 0.045846
1 0.005387 0.654628 0.010773 0.031127
1 0.005353 0.733551 0.010699 0.030590
0 0.599641 0.102807 0.121131 0.034707
0 0.486891 0.101256 0.089006 0.033195
0 0.278677 0.101613 0.084661 0.033196
0 0.101578 0.101574 0.168024 0.036513
4 0.766736 0.872231 0.028667 0.040135
0 0.607961 0.663335 0.059396 0.033926
4 0.294517 0.770442 0.133612 0.047818
1 0.005374 0.812358 0.010747 0.030520
4 0.294561 0.719992 0.134448 0.044352
0 0.212906 0.100879 0.030349 0.031631
0 0.429074 0.361499 0.019515 0.031998
4 0.378002 0.720721 0.030556 0.042169
1 0.005721 0.575914 0.011441 0.031782
0 0.264303 0.671788 0.077306 0.037919
1 0.005106 0.694186 0.010212 0.030268
1 0.005128 0.773144 0.010255 0.030067
4 0.378174 0.771139 0.030681 0.043117
1 0.005191 0.615477 0.010382 0.030721
0 0.903256 0.101636 0.016859 0.034746
4 0.838966 0.365420 0.043092 0.044799
2 0.778383 0.100826 0.037161 0.031961
0 0.559752 0.662383 0.021705 0.036190
4 0.839012 0.406022 0.043656 0.041015
4 0.839080 0.445563 0.043273 0.040412
4 0.678144 0.873354 0.150697 0.039674
4 0.899916 0.445439 0.080606 0.040833
4 0.378614 0.870893 0.030895 0.042252
4 0.430451 0.870534 0.030649 0.041250
4 0.899764 0.404871 0.081022 0.041209
4 0.778412 0.404948 0.079971 0.040630
4 0.899903 0.366352 0.080993 0.044597
1 0.005148 0.852525 0.010296 0.031134
4 0.296382 0.910645 0.137044 0.032452
4 0.778574 0.366378 0.079410 0.043555
4 0.961241 0.403783 0.044611 0.039180
1 0.005329 0.457719 0.010658 0.033425
4 0.778880 0.444544 0.079728 0.040464
4 0.834362 0.720045 0.031595 0.042827
4 0.673479 0.719650 0.053378 0.043130
4 0.961129 0.365145 0.043929 0.044319
1 0.005793 0.497869 0.011510 0.034506
4 0.714836 0.719803 0.030475 0.042306
0 0.634566 0.404743 0.015729 0.032968
4 0.961651 0.443463 0.044932 0.040049
4 0.714507 0.770831 0.031048 0.044208
0 0.030520 0.029293 0.021019 0.041212
0 0.609609 0.405065 0.016832 0.033487
4 0.768514 0.917384 0.030038 0.024872
4 0.834335 0.770633 0.032317 0.044119
4 0.673902 0.773592 0.051151 0.040462
1 0.005803 0.537058 0.011606 0.033611
0 0.944625 0.029282 0.022925 0.043994
0 0.861520 0.671762 0.016853 0.029446
0 0.912010 0.029652 0.022638 0.041926
0 0.977789 0.028958 0.023573 0.045574
0 0.844114 0.670102 0.012483 0.030477
4 0.286918 0.620097 0.150436 0.044761
1 0.372596 0.363257 0.014803 0.028004
1 0.402892 0.363569 0.014933 0.028893
4 0.660194 0.518215 0.020904 0.043105
0 0.176671 0.343940 0.021162 0.023009
0 0.200077 0.672154 0.019238 0.035190
0 0.339233 0.674184 0.039759 0.039250
2 0.095343 0.458182 0.163295 0.038912