4 0.451326 0.731914 0.079068 0.038864
4 0.308712 0.471328 0.130955 0.040209
4 0.260627 0.557424 0.035644 0.038104
4 0.260698 0.426549 0.036446 0.039019
4 0.430195 0.557253 0.036999 0.038231
4 0.277931 0.600806 0.070734 0.038599
4 0.447056 0.600592 0.070141 0.039250
4 0.430027 0.819803 0.036066 0.038458
0 0.555869 0.557166 0.028398 0.037629
4 0.429749 0.643915 0.035541 0.038508
4 0.260819 0.513606 0.035808 0.038123
0 0.556158 0.908028 0.028913 0.039344
4 0.450743 0.382953 0.078264 0.039021
4 0.268057 0.206941 0.049337 0.039867
0 0.555787 0.731909 0.028060 0.038742
4 0.260578 0.907940 0.035606 0.039359
4 0.260327 0.643356 0.034866 0.037267
4 0.260428 0.819558 0.035414 0.038058
4 0.430056 0.426820 0.035835 0.038614
4 0.426651 0.688091 0.030217 0.040001
4 0.288138 0.775998 0.091808 0.040818
4 0.477340 0.471221 0.131175 0.039274
0 0.555789 0.644532 0.028907 0.039266
4 0.430210 0.909105 0.035999 0.041634
4 0.281104 0.383420 0.077105 0.038328
4 0.456170 0.775411 0.088716 0.039664
0 0.555890 0.863991 0.028722 0.038177
4 0.307640 0.339210 0.131737 0.040702
0 0.556092 0.382707 0.027944 0.038559
4 0.258120 0.687115 0.030469 0.038339
0 0.555654 0.819718 0.028627 0.038999
4 0.429749 0.513825 0.035181 0.037769
2 0.510413 0.086976 0.035753 0.029605
0 0.201303 0.086890 0.089022 0.029535
0 0.555981 0.470706 0.028030 0.037786
4 0.284822 0.731938 0.085017 0.037509
0 0.556180 0.427401 0.028078 0.037835
0 0.555971 0.688355 0.028851 0.037798
0 0.967351 0.974710 0.047158 0.035047
0 0.327551 0.087753 0.146079 0.031288
0 0.079646 0.087445 0.133291 0.030421
0 0.447350 0.087108 0.076260 0.029124
0 0.555959 0.513655 0.028396 0.036760
4 0.477858 0.338985 0.131233 0.040597
0 0.556076 0.338222 0.027859 0.037973
0 0.968458 0.087278 0.045298 0.034562
0 0.556130 0.601298 0.028646 0.038491
0 0.555794 0.776478 0.028934 0.037885
0 0.324210 0.731000 0.016778 0.034614
4 0.250849 0.863314 0.015778 0.035964
0 0.026029 0.024068 0.018809 0.037370
0 0.977683 0.025195 0.021780 0.039157
0 0.917816 0.024215 0.021341 0.038967
0 0.947927 0.024648 0.021516 0.039075