1 0.160978 0.637466 0.008428 0.017917
0 0.033502 0.028753 0.012221 0.033948
0 0.047830 0.090520 0.050147 0.019803
0 0.129161 0.091935 0.099031 0.020746
0 0.226296 0.090520 0.080067 0.019803
0 0.316266 0.091935 0.086389 0.022632
0 0.391909 0.091935 0.048883 0.026404
0 0.965234 0.089577 0.036662 0.027347
0 0.920143 0.026395 0.017278 0.034891
0 0.945849 0.026395 0.014749 0.033005
0 0.974083 0.027338 0.017278 0.036777
0 0.955963 0.168318 0.008850 0.030176
0 0.969237 0.167847 0.014328 0.016031
0 0.869574 0.168790 0.104088 0.031119
0 0.780236 0.168790 0.057733 0.031119
0 0.708807 0.166904 0.065740 0.034891
0 0.617362 0.166432 0.098609 0.035834
0 0.508428 0.168318 0.100716 0.037720
0 0.029499 0.168790 0.010114 0.031119
0 0.081753 0.169261 0.081753 0.032062
0 0.183102 0.168790 0.092288 0.034891
0 0.288243 0.169733 0.092710 0.029233
0 0.396544 0.170204 0.098609 0.032062
0 0.469869 0.208396 0.023599 0.033005
0 0.493890 0.250360 0.023599 0.033948
0 0.955542 0.975535 0.056047 0.033948
4 0.165613 0.807208 0.023599 0.033005
4 0.165613 0.850586 0.022756 0.033005
4 0.159713 0.422460 0.010114 0.031119
4 0.162242 0.464895 0.016856 0.033005
4 0.159713 0.508745 0.010957 0.033948
4 0.159292 0.550709 0.011799 0.031119
4 0.410240 0.422931 0.010535 0.033948
4 0.418247 0.464895 0.029077 0.033005
4 0.436789 0.508745 0.063633 0.033948
4 0.418879 0.551180 0.029499 0.033948
4 0.418668 0.592201 0.029077 0.033005
4 0.103034 0.294210 0.029077 0.033005
4 0.210493 0.209811 0.243995 0.030176
4 0.209861 0.251775 0.243574 0.033005
4 0.416005 0.765039 0.022691 0.031313
4 0.415438 0.807777 0.023069 0.030466
2 0.438129 0.091815 0.032902 0.023696