2 0.252845 0.089390 0.034555 0.023658
2 0.246094 0.250201 0.244182 0.034348
2 0.246367 0.293749 0.244729 0.033121
0 0.035234 0.025713 0.016934 0.041708
0 0.060909 0.089502 0.072654 0.019627
0 0.143396 0.088275 0.080302 0.019627
0 0.211133 0.088275 0.039878 0.022081
0 0.921556 0.026326 0.015296 0.038028
0 0.947777 0.025100 0.016388 0.038028
0 0.975090 0.025713 0.013110 0.036801
0 0.966623 0.087662 0.039878 0.030668
0 0.972359 0.978866 0.027313 0.034348
4 0.246914 0.207879 0.243636 0.033121
4 0.163061 0.379619 0.078116 0.030668
4 0.246094 0.508423 0.244182 0.033121
4 0.156779 0.678936 0.064460 0.033121
4 0.246640 0.723097 0.245275 0.033121