2 0.156020 0.090200 0.041943 0.037064
4 0.231610 0.171931 0.211560 0.033263
4 0.169847 0.218974 0.088956 0.038014
4 0.168925 0.264116 0.089878 0.035163
0 0.025811 0.027001 0.018437 0.036114
0 0.923673 0.024625 0.018437 0.033263
0 0.955245 0.025100 0.021663 0.034213
0 0.985896 0.027001 0.013827 0.036114
0 0.937270 0.092101 0.017054 0.031362
0 0.977600 0.095427 0.041482 0.032312
0 0.345455 0.174307 0.016132 0.034213
0 0.293833 0.264591 0.115690 0.038014
0 0.397539 0.171456 0.020741 0.034213
0 0.418049 0.171931 0.020280 0.031362
0 0.437638 0.171931 0.020741 0.031362
0 0.458840 0.171931 0.018897 0.033263
0 0.479812 0.172406 0.021202 0.030412
0 0.060149 0.357727 0.058536 0.032312
0 0.135048 0.358677 0.066372 0.038014
0 0.191971 0.355826 0.027194 0.032312
0 0.245898 0.358677 0.060380 0.036114
0 0.321488 0.359152 0.063145 0.035163
0 0.071386 0.089910 0.119174 0.037710