0 0.033923 0.024370 0.022124 0.046797
0 0.292773 0.208217 0.013274 0.033427
0 0.254425 0.260028 0.016224 0.033427
0 0.212021 0.308497 0.014012 0.036769
0 0.292035 0.428832 0.014749 0.033427
0 0.398230 0.478136 0.014749 0.038441
0 0.919617 0.023535 0.017699 0.038441
0 0.949115 0.025206 0.019174 0.041783
0 0.979720 0.022699 0.015487 0.036769
2 0.985251 0.101252 0.029498 0.046797
2 0.240044 0.160584 0.112832 0.038441
4 0.242257 0.208217 0.115782 0.033427
4 0.223083 0.260028 0.078909 0.043455
4 0.199115 0.309332 0.033923 0.041783
4 0.241150 0.428832 0.115044 0.040112
4 0.294985 0.479808 0.219764 0.041783