0 0.018437 0.027586 0.018101 0.037779
0 0.044815 0.090150 0.075259 0.028922
0 0.158271 0.090150 0.131987 0.025878
0 0.302549 0.090150 0.139173 0.024355
0 0.925422 0.031164 0.021935 0.035772
0 0.956055 0.029642 0.018153 0.037294
0 0.987066 0.031545 0.018909 0.039578
0 0.977838 0.092814 0.044323 0.037294
0 0.425081 0.217635 0.015127 0.034250
0 0.203464 0.971131 0.071855 0.025117
0 0.023069 0.714258 0.020422 0.036533
0 0.058052 0.714258 0.020044 0.036533
0 0.079041 0.714638 0.019666 0.035772
0 0.100030 0.715399 0.020800 0.035772
0 0.190795 0.715780 0.020800 0.035011
0 0.211784 0.715019 0.019666 0.031967
0 0.232017 0.715399 0.020800 0.035772
4 0.445551 0.714184 0.041790 0.034630
4 0.273996 0.217995 0.285909 0.033108
4 0.145224 0.308186 0.027229 0.035391
2 0.395961 0.091842 0.035171 0.029683
1 0.021557 0.488970 0.010589 0.019789
1 0.022313 0.524742 0.011346 0.018267
1 0.022124 0.558231 0.009455 0.021311
1 0.021178 0.594764 0.009833 0.019789
1 0.021746 0.629394 0.010967 0.022072
0 0.904621 0.973554 0.063913 0.036609
0 0.971731 0.976028 0.056538 0.037599