0 0.383156 0.296324 0.023204 0.043163
0 0.484484 0.295727 0.020169 0.042098
0 0.208778 0.296192 0.021597 0.042875
0 0.081636 0.295702 0.021961 0.043587
0 0.620072 0.296289 0.023353 0.043097
0 0.593437 0.296269 0.022864 0.042547
0 0.482969 0.642418 0.023220 0.041590
0 0.351494 0.296368 0.023303 0.043828
0 0.106880 0.296640 0.020381 0.041738
0 0.183023 0.296272 0.022802 0.043049
0 0.567725 0.296152 0.023102 0.042806
4 0.241233 0.189175 0.085510 0.044199
0 0.234658 0.296526 0.025205 0.044409
0 0.534402 0.296114 0.024828 0.044748
2 0.121696 0.188501 0.158505 0.045735
0 0.156343 0.296014 0.022695 0.043382
0 0.891487 0.973372 0.071775 0.040227
0 0.191394 0.099102 0.030398 0.030281
0 0.505120 0.099764 0.026046 0.030196
4 0.209327 0.744579 0.113087 0.044505
4 0.109036 0.480128 0.044925 0.040947
0 0.696809 0.296889 0.109272 0.043889
0 0.048910 0.294733 0.021977 0.042430
4 0.353366 0.745344 0.054085 0.042957
0 0.513373 0.188542 0.023778 0.042513
4 0.290041 0.744780 0.046761 0.042233
0 0.361173 0.099692 0.047870 0.032159
4 0.195495 0.896918 0.084734 0.045117
4 0.449235 0.401723 0.057540 0.040176
4 0.108176 0.440548 0.043764 0.039700
4 0.449024 0.441491 0.057990 0.039795
2 0.293521 0.643048 0.315746 0.046080
0 0.766458 0.296054 0.021845 0.042843
2 0.689862 0.099489 0.083692 0.033702
0 0.307559 0.296353 0.020957 0.043362
0 0.090177 0.100095 0.155895 0.035175
0 0.022237 0.291876 0.022745 0.045026
0 0.022119 0.642325 0.023136 0.043547
0 0.583599 0.100736 0.114106 0.034291
2 0.759129 0.099397 0.038927 0.032286
0 0.439178 0.100152 0.089764 0.032374
0 0.271595 0.100306 0.113016 0.033296
4 0.108736 0.519248 0.044726 0.040651
0 0.022242 0.239544 0.022046 0.041097
4 0.872888 0.402585 0.071127 0.042105
4 0.195745 0.795450 0.083653 0.046252
2 0.218612 0.845579 0.130376 0.043915
4 0.217288 0.480355 0.081274 0.042192
4 0.160392 0.440944 0.035279 0.040371
1 0.043140 0.479960 0.017166 0.034604
4 0.160191 0.480025 0.035610 0.040649
4 0.449647 0.480773 0.058276 0.040264
4 0.872724 0.479861 0.070613 0.041926
4 0.873044 0.440864 0.071360 0.040817
0 0.930398 0.099862 0.018185 0.035429
4 0.339332 0.481094 0.164586 0.042779
0 0.971503 0.099691 0.047351 0.035612
0 0.963936 0.974960 0.063144 0.036318
4 0.339019 0.521516 0.166502 0.044657
4 0.217580 0.440873 0.081383 0.040487
4 0.217558 0.520847 0.081850 0.042656
0 0.505771 0.642503 0.022776 0.041370
4 0.449629 0.521649 0.058258 0.041638
1 0.326888 0.188996 0.015341 0.030040
4 0.160276 0.401931 0.035400 0.040368
4 0.541562 0.401408 0.057486 0.039448
1 0.043184 0.518639 0.016941 0.032985
4 0.540173 0.440998 0.055348 0.039220
4 0.872547 0.518662 0.070308 0.041653
4 0.340121 0.440987 0.163574 0.041250
4 0.069444 0.479696 0.037353 0.039717
4 0.160286 0.519522 0.035402 0.041931
4 0.629379 0.479967 0.080993 0.041932
4 0.069364 0.518191 0.036973 0.040026
4 0.629610 0.518466 0.081004 0.041472
4 0.541040 0.480381 0.057301 0.040968
0 0.290997 0.695455 0.057388 0.035027
4 0.339406 0.402543 0.164392 0.042571
0 0.093575 0.694924 0.079497 0.035666
0 0.259799 0.297152 0.019518 0.043713
1 0.043081 0.441122 0.017763 0.034801
4 0.630345 0.440557 0.081489 0.039783
4 0.217488 0.401860 0.081847 0.040444
0 0.023023 0.190098 0.024275 0.046985
4 0.710337 0.518730 0.082331 0.041738
2 0.416909 0.296190 0.032484 0.043038
4 0.495324 0.480867 0.036624 0.039856
4 0.107868 0.400241 0.043382 0.039547
4 0.542374 0.519761 0.059430 0.042067
4 0.495441 0.520076 0.037137 0.041742
4 0.795254 0.519098 0.086712 0.041746
2 0.327163 0.296391 0.018760 0.043013
2 0.454420 0.296007 0.032713 0.042829
4 0.795103 0.480478 0.087143 0.041768
4 0.495170 0.441357 0.036219 0.039317
0 0.196673 0.696021 0.092831 0.034382
4 0.580028 0.481148 0.020581 0.039338
0 0.126382 0.296690 0.017594 0.041093
1 0.043415 0.400999 0.017484 0.034699
4 0.630587 0.401443 0.081396 0.040394
4 0.710451 0.480407 0.082867 0.041299
0 0.025297 0.026889 0.021536 0.043552
2 0.278192 0.297141 0.018003 0.042886
0 0.914185 0.026408 0.022418 0.044364
0 0.980644 0.028324 0.022468 0.045533
4 0.495728 0.401895 0.034890 0.038808
4 0.580660 0.518836 0.019226 0.040128
0 0.947818 0.027972 0.024327 0.046224
0 0.557083 0.694322 0.036268 0.033543
0 0.642111 0.694229 0.102223 0.036012
4 0.794553 0.440899 0.086889 0.040243
2 0.259832 0.296808 0.019029 0.043499
2 0.503293 0.296312 0.018237 0.043121
4 0.579830 0.400696 0.016593 0.035908
4 0.793695 0.400696 0.087881 0.033343
4 0.579216 0.438527 0.019051 0.037190
0 0.750676 0.697576 0.082965 0.042320
0 0.373955 0.696293 0.073132 0.039755
0 0.444629 0.698217 0.035029 0.038473
0 0.497173 0.696935 0.046706 0.028213