3 0.247066 0.545331 0.016602 0.033783
3 0.247109 0.494039 0.016053 0.031624
5 0.505888 0.545834 0.579677 0.757558
0 0.169663 0.826326 0.024219 0.043347
3 0.247204 0.443486 0.015643 0.030202
3 0.246967 0.596963 0.016073 0.032745
3 0.247090 0.340169 0.016124 0.029670
0 0.574248 0.646393 0.024002 0.041044
0 0.139379 0.826147 0.023573 0.042513
3 0.247382 0.390989 0.016042 0.030869
4 0.532986 0.391644 0.047214 0.043269
0 0.193172 0.826249 0.022750 0.042677
0 0.574209 0.594207 0.023078 0.042661
4 0.466605 0.392340 0.083794 0.042804
0 0.725884 0.101658 0.026176 0.030326
3 0.246714 0.747800 0.016468 0.033062
4 0.467207 0.341520 0.082840 0.038473
0 0.086169 0.826554 0.023516 0.043476
0 0.062309 0.826253 0.022330 0.041778
0 0.574238 0.441234 0.023589 0.040442
4 0.533337 0.441864 0.048824 0.042731
0 0.039619 0.825722 0.022300 0.041691
0 0.188265 0.101491 0.030733 0.030862
0 0.574306 0.391122 0.023086 0.042555
0 0.115987 0.826540 0.022275 0.042828
4 0.465773 0.493623 0.082329 0.040702
0 0.977450 0.101773 0.045100 0.034364
4 0.466108 0.441928 0.082990 0.040959
4 0.533102 0.645920 0.047431 0.041488
4 0.536111 0.493399 0.053852 0.041275
0 0.389202 0.101162 0.049418 0.030060
0 0.682630 0.883080 0.029644 0.030067
4 0.465779 0.646286 0.081938 0.039738
0 0.736954 0.884145 0.060546 0.032522
4 0.465973 0.545301 0.082575 0.041183
0 0.332035 0.101664 0.047737 0.030489
4 0.535723 0.698447 0.053559 0.040491
4 0.467122 0.697452 0.085011 0.041105
1 0.155119 0.582761 0.014589 0.030222
1 0.154829 0.263367 0.015089 0.031362
0 0.897043 0.983281 0.074738 0.033438
1 0.155296 0.622982 0.014626 0.030942
3 0.246863 0.647803 0.016326 0.031083
4 0.466448 0.595502 0.083254 0.043247
0 0.938389 0.102085 0.017006 0.034144
4 0.536096 0.544084 0.053699 0.041531
3 0.246974 0.697870 0.016844 0.033189
1 0.155014 0.742422 0.014591 0.029708
0 0.468660 0.102803 0.090503 0.033571
0 0.255661 0.102583 0.086497 0.030989
0 0.678232 0.102608 0.052425 0.030997
1 0.155003 0.703301 0.015508 0.032523
1 0.155095 0.543219 0.015058 0.030796
1 0.154852 0.303102 0.014493 0.029433
0 0.582871 0.103560 0.120825 0.034096
1 0.155099 0.463535 0.014399 0.030369
1 0.155070 0.662014 0.014590 0.031592
1 0.046417 0.741810 0.016155 0.031711
0 0.516055 0.339862 0.018052 0.037907
1 0.155209 0.502578 0.014306 0.031166
1 0.046104 0.623349 0.015240 0.030949
1 0.045756 0.263591 0.015729 0.031461
3 0.247117 0.289665 0.015522 0.029553
1 0.046249 0.661485 0.015769 0.031461
1 0.046204 0.543793 0.015593 0.031307
1 0.045973 0.503600 0.015761 0.032253
0 0.911704 0.101945 0.017532 0.035489
1 0.155267 0.342606 0.014417 0.031188
1 0.046353 0.701773 0.015945 0.032163
1 0.045942 0.302936 0.015476 0.030933
2 0.767203 0.101729 0.037375 0.031869
1 0.045888 0.343366 0.015939 0.032157
1 0.045862 0.582781 0.015029 0.030469
1 0.046026 0.464006 0.016044 0.032738
0 0.072332 0.163702 0.045100 0.037444
1 0.155032 0.383436 0.014783 0.030731
0 0.970208 0.984539 0.059584 0.030922
1 0.046157 0.383016 0.015615 0.031257
0 0.085363 0.103135 0.159680 0.035639
1 0.155234 0.423068 0.014715 0.030929
1 0.045992 0.422654 0.016262 0.031529
0 0.777559 0.199789 0.019731 0.037006
0 0.988092 0.029088 0.023076 0.046861
0 0.954497 0.029205 0.023849 0.045979
0 0.920663 0.028138 0.022747 0.042090
0 0.020041 0.028657 0.020246 0.044527
0 0.879659 0.162622 0.014202 0.032629
4 0.537172 0.595052 0.056156 0.043472
0 0.135296 0.165087 0.040277 0.042606
0 0.193159 0.166271 0.047084 0.044973
0 0.309735 0.155028 0.086226 0.027220
0 0.741150 0.157395 0.039142 0.017752
0 0.674779 0.157395 0.061833 0.020119
0 0.600182 0.158578 0.057862 0.022486
0 0.535228 0.156803 0.050488 0.018936
0 0.469424 0.157986 0.052757 0.016569
0 0.399365 0.157986 0.061266 0.021303