0 0.168085 0.827012 0.023262 0.041132
0 0.214244 0.827479 0.023317 0.040432
1 0.045073 0.520207 0.017092 0.033123
0 0.138189 0.827388 0.021530 0.039261
1 0.044962 0.400344 0.016185 0.031025
0 0.038447 0.826306 0.022395 0.040058
0 0.084671 0.826240 0.023532 0.041752
1 0.044942 0.600557 0.016284 0.032109
1 0.153163 0.559887 0.014223 0.030429
0 0.061673 0.826355 0.021652 0.040076
1 0.153044 0.400841 0.014575 0.031386
1 0.045035 0.440776 0.016464 0.032195
1 0.045040 0.480741 0.016564 0.032366
1 0.153338 0.520650 0.013739 0.032559
1 0.045068 0.560334 0.016604 0.032276
0 0.387615 0.103892 0.049645 0.034672
1 0.044648 0.241807 0.015637 0.032307
4 0.215675 0.600190 0.097034 0.042824
1 0.044637 0.281482 0.016221 0.032431
1 0.044887 0.360411 0.016080 0.031808
0 0.114455 0.827235 0.022533 0.039830
1 0.153080 0.481374 0.013870 0.031759
0 0.674431 0.104879 0.052744 0.034684
4 0.216104 0.520589 0.097453 0.041343
4 0.215972 0.320398 0.096352 0.041296
1 0.153342 0.361122 0.014470 0.032684
1 0.153186 0.320970 0.013935 0.032383
4 0.215977 0.720296 0.096208 0.041906
0 0.187026 0.104240 0.031869 0.033476
0 0.190829 0.827164 0.021688 0.040672
4 0.215935 0.480754 0.097037 0.041697
1 0.153118 0.600412 0.015026 0.032918
1 0.153218 0.242011 0.014568 0.032502
1 0.044845 0.640498 0.016149 0.031214
4 0.215797 0.680464 0.096528 0.041051
1 0.152979 0.640548 0.014770 0.030965
1 0.044612 0.679579 0.016990 0.033721
0 0.321593 0.827923 0.146283 0.044087
1 0.044542 0.202750 0.015282 0.030787
0 0.580431 0.105217 0.121680 0.036352
4 0.215796 0.640601 0.097536 0.043721
1 0.153163 0.720429 0.014640 0.032358
0 0.892548 0.983710 0.072480 0.032335
4 0.216022 0.440467 0.097472 0.043024
1 0.153286 0.282102 0.014183 0.033513
0 0.973999 0.104097 0.046519 0.035222
4 0.216209 0.359702 0.096727 0.042266
1 0.044837 0.320497 0.015820 0.032570
1 0.153183 0.441135 0.014657 0.032726
4 0.216380 0.761205 0.096403 0.041646
0 0.465740 0.103915 0.090389 0.035166
0 0.906845 0.104711 0.017189 0.034113
1 0.153274 0.680696 0.014712 0.032535
2 0.762638 0.103840 0.039396 0.033276
0 0.932905 0.104804 0.017365 0.033529
4 0.768801 0.720851 0.131332 0.042074
4 0.215876 0.400188 0.097074 0.043132
1 0.153094 0.201875 0.015125 0.032534
1 0.044889 0.720086 0.016768 0.033033
0 0.967530 0.984857 0.061452 0.030286
4 0.215673 0.560576 0.097182 0.041976
1 0.044930 0.162164 0.015040 0.031370
0 0.329713 0.103928 0.049572 0.034814
0 0.254325 0.104215 0.085676 0.035176
4 0.744353 0.827535 0.046324 0.040782
1 0.152816 0.162149 0.014842 0.030649
4 0.216360 0.280902 0.097253 0.042322
0 0.721998 0.104952 0.025894 0.034165
0 0.084429 0.103800 0.156642 0.035271
4 0.768776 0.680735 0.131704 0.041667
1 0.044547 0.759327 0.016332 0.032051
4 0.768789 0.759544 0.130916 0.040129
4 0.215989 0.241342 0.097536 0.042823
4 0.769009 0.640789 0.132522 0.042939
4 0.215871 0.199883 0.096931 0.041799
1 0.153550 0.760312 0.014895 0.033352
4 0.767689 0.560684 0.133480 0.042619
4 0.768891 0.600679 0.132017 0.042921
4 0.767769 0.481885 0.133031 0.041913
4 0.769058 0.521455 0.132606 0.041512
0 0.982660 0.031307 0.023694 0.044445
0 0.017080 0.984566 0.016206 0.029544
0 0.949447 0.031678 0.023208 0.043911
0 0.915504 0.031118 0.023595 0.044433
0 0.018925 0.030180 0.020844 0.042778
4 0.216322 0.159547 0.096105 0.043476
4 0.768334 0.442337 0.132004 0.043075
4 0.483199 0.721140 0.439698 0.043350
4 0.484677 0.760439 0.438381 0.036007
4 0.483448 0.675566 0.437561 0.034292
4 0.483038 0.637845 0.436742 0.041151
4 0.482219 0.594980 0.436742 0.037721
4 0.482219 0.557258 0.435103 0.037721
4 0.483858 0.519537 0.438381 0.037721
4 0.482629 0.480958 0.437561 0.042865
4 0.482629 0.441523 0.434284 0.036007
4 0.482629 0.402087 0.439200 0.042865
4 0.483448 0.359222 0.437561 0.039436
4 0.484677 0.318928 0.440020 0.037721
4 0.483858 0.280350 0.440020 0.039436
4 0.482629 0.240914 0.439200 0.039436
4 0.484267 0.200621 0.440839 0.037721
4 0.484677 0.161185 0.438381 0.041151
4 0.769420 0.159470 0.131105 0.041151
4 0.768191 0.201478 0.128646 0.042865
4 0.768600 0.240914 0.131105 0.042865
4 0.768191 0.282064 0.128646 0.042865
4 0.769830 0.322358 0.130285 0.037721
4 0.767371 0.358364 0.128646 0.041151
4 0.767371 0.396943 0.128646 0.036007