0 0.320033 0.346676 0.020909 0.038662
0 0.191411 0.347164 0.020298 0.038805
0 0.441466 0.347025 0.018787 0.036900
0 0.047145 0.344901 0.020816 0.039098
0 0.214563 0.346964 0.021130 0.038245
4 0.429867 0.574263 0.053771 0.035709
0 0.516233 0.346781 0.021294 0.038668
0 0.696716 0.346439 0.019999 0.037166
0 0.540464 0.346417 0.020767 0.038050
4 0.101570 0.573478 0.040060 0.035417
0 0.076635 0.346424 0.020885 0.037587
0 0.144637 0.347283 0.020889 0.039192
4 0.593799 0.676297 0.075226 0.035998
0 0.486869 0.346819 0.021934 0.038696
4 0.867211 0.573948 0.040252 0.035693
0 0.563474 0.346352 0.020929 0.038517
4 0.429817 0.642859 0.054013 0.034980
0 0.349991 0.346878 0.021154 0.038648
4 0.902347 0.573989 0.032449 0.035442
4 0.666494 0.676636 0.073495 0.035701
0 0.021962 0.342366 0.021783 0.039966
4 0.220057 0.676593 0.074294 0.035766
4 0.430015 0.676641 0.053740 0.035692
4 0.219941 0.608424 0.073587 0.036706
4 0.951044 0.574100 0.067268 0.035645
4 0.514266 0.573572 0.053083 0.035607
4 0.220270 0.574152 0.074000 0.035639
4 0.331152 0.608873 0.147812 0.037433
4 0.666816 0.574188 0.073910 0.035910
4 0.168009 0.574038 0.032488 0.035557
4 0.429892 0.506170 0.053686 0.035192
4 0.429986 0.608564 0.053522 0.036581
4 0.867200 0.642628 0.040528 0.035123
4 0.101579 0.676205 0.040217 0.035186
4 0.593813 0.574102 0.075041 0.035979
4 0.593870 0.608424 0.075035 0.036615
4 0.219808 0.506069 0.073732 0.036014
4 0.101544 0.608495 0.040092 0.036474
4 0.814973 0.608634 0.066838 0.036572
4 0.429853 0.540041 0.053746 0.035277
4 0.514112 0.676197 0.053007 0.035061
1 0.041877 0.607200 0.014915 0.030111
4 0.514138 0.642693 0.053469 0.034797
4 0.330359 0.676724 0.148180 0.036036
4 0.742260 0.573338 0.080262 0.035698
4 0.472412 0.573898 0.033606 0.035725
4 0.742544 0.676424 0.080415 0.035948
4 0.429839 0.472212 0.053643 0.035877
4 0.867217 0.471851 0.040234 0.036048
4 0.593882 0.506067 0.075139 0.035716
4 0.430010 0.745451 0.053619 0.035438
4 0.330414 0.506618 0.149009 0.036097
4 0.101536 0.505848 0.040143 0.034878
2 0.600633 0.090259 0.035235 0.029258
4 0.514057 0.539716 0.053383 0.035010
4 0.330677 0.540556 0.150031 0.036675
4 0.814972 0.676677 0.066738 0.035571
4 0.430034 0.710935 0.053564 0.035773
4 0.220315 0.745525 0.073755 0.036041
4 0.814858 0.642925 0.066944 0.035010
4 0.815094 0.574102 0.066763 0.035464
4 0.330344 0.574365 0.148615 0.035819
4 0.101495 0.539106 0.040330 0.035188
4 0.666726 0.608702 0.073871 0.036636
4 0.666591 0.506338 0.073644 0.035322
4 0.666565 0.745579 0.073490 0.035368
4 0.666553 0.642926 0.073670 0.034966
4 0.101532 0.744806 0.040155 0.036308
4 0.742041 0.609317 0.080940 0.035960
4 0.101559 0.642350 0.040375 0.034850
4 0.220087 0.540257 0.074186 0.035704
4 0.101469 0.471328 0.040029 0.035999
0 0.168100 0.347384 0.020448 0.038643
4 0.742506 0.506335 0.080388 0.035679
4 0.593819 0.642648 0.075029 0.035225
4 0.867118 0.676430 0.040204 0.035454
4 0.902455 0.471696 0.032441 0.035837
0 0.175813 0.090593 0.027249 0.028582
1 0.041840 0.641916 0.015502 0.030550
4 0.814948 0.506236 0.066813 0.035532
4 0.167669 0.608337 0.032522 0.036368
4 0.472151 0.676186 0.033494 0.035241
4 0.867098 0.608308 0.040307 0.036505
1 0.041670 0.539456 0.015268 0.029946
4 0.514133 0.608400 0.053058 0.036433
4 0.219859 0.710697 0.073782 0.036416
4 0.167880 0.676560 0.032850 0.035083
4 0.593851 0.710708 0.075152 0.036090
4 0.814960 0.472089 0.066844 0.035832
4 0.666637 0.472126 0.074003 0.036019
4 0.331201 0.642776 0.147711 0.035462
1 0.041668 0.504848 0.014997 0.029274
4 0.220028 0.471876 0.074246 0.036415
4 0.472222 0.608122 0.033638 0.036214
4 0.814766 0.745395 0.066570 0.035524
4 0.167998 0.471813 0.032379 0.035984
0 0.022591 0.210621 0.021603 0.035498
4 0.593745 0.540137 0.075162 0.035611
4 0.136670 0.608295 0.033382 0.036450
4 0.950881 0.642454 0.067197 0.035316
0 0.329879 0.090306 0.043634 0.029193
4 0.168046 0.642829 0.033044 0.034551
4 0.867184 0.505968 0.040423 0.034852
4 0.330767 0.710934 0.147987 0.037780
4 0.220203 0.642830 0.074091 0.035130
4 0.101463 0.709688 0.040567 0.036048
4 0.514283 0.471667 0.053307 0.035626
4 0.514040 0.710445 0.053276 0.035943
1 0.041831 0.709673 0.015175 0.030632
4 0.136956 0.573795 0.032763 0.035495
4 0.514177 0.506177 0.053075 0.035424
4 0.167822 0.506012 0.032866 0.034819
4 0.666712 0.710746 0.073469 0.036098
4 0.593839 0.745399 0.074556 0.035778
0 0.237385 0.347263 0.018511 0.037320
4 0.742463 0.710673 0.080329 0.036569
4 0.472193 0.505910 0.033695 0.035041
4 0.167887 0.710358 0.032719 0.035573
4 0.136790 0.642653 0.033328 0.034673
4 0.814952 0.710831 0.067218 0.035995
4 0.902230 0.506204 0.032572 0.034709
4 0.666485 0.539578 0.073487 0.034592
4 0.902249 0.642466 0.032608 0.035105
1 0.042005 0.436286 0.015181 0.029935
4 0.472284 0.539808 0.033778 0.035290
4 0.902162 0.539842 0.032647 0.035187
4 0.136663 0.539589 0.033571 0.035004
4 0.330419 0.745987 0.148236 0.036450
4 0.902175 0.676236 0.032741 0.035523
4 0.950981 0.539724 0.067064 0.035566
4 0.950842 0.506005 0.066777 0.035671
1 0.041955 0.470656 0.015429 0.030494
4 0.950645 0.675932 0.066544 0.035796
4 0.867109 0.539837 0.040548 0.035175
0 0.099443 0.346723 0.018729 0.036841
4 0.951046 0.471864 0.067313 0.036363
4 0.593898 0.471965 0.075103 0.036123
4 0.867191 0.436766 0.039912 0.035995
4 0.136736 0.676098 0.033414 0.034964
4 0.330542 0.472362 0.149019 0.036431
4 0.168026 0.539927 0.033111 0.034926
4 0.472184 0.436539 0.033388 0.036042
4 0.136678 0.505850 0.033759 0.034876
4 0.950793 0.607933 0.066443 0.036630
4 0.902283 0.608017 0.032636 0.036147
4 0.472247 0.710043 0.033645 0.035967
4 0.742321 0.471980 0.081290 0.036118
4 0.101355 0.436377 0.040073 0.035998
4 0.221734 0.166568 0.075822 0.037088
4 0.742273 0.745385 0.080759 0.035824
4 0.136845 0.471573 0.032874 0.035968
4 0.472280 0.642619 0.033815 0.035001
1 0.041574 0.675957 0.015017 0.029826
4 0.867425 0.745071 0.040200 0.035764
4 0.514396 0.745025 0.053322 0.035681
4 0.814913 0.539810 0.066958 0.035264
4 0.167965 0.745219 0.032655 0.035767
4 0.742375 0.643100 0.080873 0.034650
4 0.514028 0.436649 0.053087 0.036276
4 0.137095 0.745009 0.032613 0.036072
0 0.904017 0.973638 0.065867 0.038584
4 0.902356 0.436547 0.032368 0.035578
4 0.472409 0.744963 0.033783 0.036053
4 0.951117 0.436355 0.067474 0.036339
4 0.136692 0.709983 0.033507 0.036171
4 0.220087 0.436589 0.074305 0.037112
2 0.110789 0.166538 0.146710 0.038531
4 0.472231 0.471608 0.033698 0.036177
0 0.249280 0.090895 0.103405 0.030150
4 0.867108 0.710286 0.040287 0.036106
4 0.902415 0.744917 0.032579 0.035713
4 0.950637 0.745093 0.066616 0.035972
1 0.041879 0.573250 0.015462 0.029453
4 0.429839 0.436861 0.053516 0.036634
4 0.136447 0.436284 0.033503 0.036483
4 0.167884 0.436669 0.032198 0.036180
4 0.593763 0.436823 0.074905 0.036572
4 0.814846 0.436852 0.066438 0.036526
4 0.330469 0.437390 0.148749 0.038002
4 0.666399 0.436933 0.073549 0.036779
4 0.902196 0.709994 0.032832 0.035813
4 0.950670 0.710374 0.066521 0.036370
4 0.548538 0.574158 0.018786 0.034335
2 0.538716 0.090206 0.074968 0.030808
4 0.548457 0.676374 0.018822 0.034352
0 0.082998 0.090952 0.140735 0.031993
0 0.370892 0.090109 0.023763 0.028258
1 0.298281 0.167008 0.013497 0.027668
4 0.742409 0.436640 0.080956 0.036960
0 0.442392 0.091140 0.103784 0.030150
0 0.282064 0.347117 0.018943 0.038173
4 0.065853 0.642060 0.034125 0.034842
0 0.977536 0.090007 0.043312 0.031411
4 0.548292 0.710316 0.019292 0.034854
0 0.970806 0.974392 0.057816 0.035597
4 0.065873 0.675489 0.034169 0.034568
4 0.065789 0.573027 0.033550 0.034584
1 0.041913 0.743996 0.016035 0.031627
4 0.548515 0.471937 0.018583 0.035146
4 0.548451 0.540006 0.019208 0.034410
4 0.548268 0.745251 0.019181 0.034477
0 0.940142 0.089551 0.016883 0.030184
4 0.742277 0.538773 0.080939 0.033944
4 0.548463 0.642828 0.018915 0.034137
4 0.065792 0.606907 0.033484 0.035469
4 0.065919 0.744140 0.033142 0.035109
0 0.633333 0.346100 0.099229 0.037720
4 0.066092 0.470414 0.033047 0.034779
4 0.065452 0.538930 0.034366 0.035058
4 0.991312 0.676257 0.017376 0.035447
4 0.065450 0.709308 0.034145 0.036012
4 0.548284 0.436736 0.018750 0.035169
2 0.254320 0.347650 0.017883 0.037890
4 0.991309 0.608661 0.017381 0.035302
4 0.065632 0.504749 0.033729 0.035076
4 0.548331 0.608284 0.018984 0.035016
4 0.548382 0.506150 0.018910 0.033921
0 0.022646 0.166584 0.022642 0.043968
4 0.991387 0.506251 0.017225 0.034129
4 0.991324 0.574231 0.017351 0.036260
2 0.413409 0.346895 0.029599 0.038277
4 0.991103 0.711142 0.017794 0.035082
4 0.991340 0.539874 0.017301 0.035146
4 0.990707 0.435858 0.018586 0.037242
2 0.378964 0.346916 0.030598 0.039157
4 0.991314 0.642376 0.017372 0.034839
4 0.065812 0.435813 0.030997 0.033939
4 0.991021 0.471645 0.017845 0.036962
2 0.116536 0.347290 0.018217 0.038270
4 0.991425 0.745365 0.017149 0.036366
2 0.298739 0.346875 0.016700 0.037720
2 0.458619 0.347321 0.017027 0.037696
0 0.025215 0.027271 0.019258 0.038199
0 0.925388 0.028041 0.021534 0.038169
0 0.985855 0.028367 0.022175 0.038469
0 0.955255 0.028288 0.021337 0.037505
0 0.298752 0.346577 0.016821 0.038020