4 0.213409 0.532385 0.088740 0.037233
4 0.207059 0.576485 0.077151 0.037286
0 0.066725 0.085795 0.094099 0.032540
0 0.158949 0.086078 0.076818 0.031160
4 0.145459 0.349375 0.035049 0.038799
2 0.305059 0.085930 0.034546 0.031091
4 0.179269 0.622630 0.021968 0.037161
4 0.270325 0.260666 0.278188 0.038455
4 0.138852 0.440580 0.022673 0.039048
0 0.963198 0.086025 0.045340 0.036508
0 0.413943 0.258638 0.016760 0.035245
2 0.242906 0.086340 0.074123 0.031188
0 0.032902 0.022225 0.018075 0.038016
0 0.912402 0.022384 0.021109 0.039251
0 0.971880 0.023309 0.020295 0.042142
0 0.942128 0.023544 0.020538 0.039967
0 0.136989 0.259037 0.016018 0.031363
4 0.135595 0.394353 0.016039 0.036294