5 0.502742 0.544117 0.636111 0.904329
0 0.017285 0.653277 0.022985 0.043843
0 0.093879 0.551162 0.022746 0.041938
0 0.117644 0.550984 0.021928 0.042560
4 0.337991 0.212145 0.085891 0.041251
0 0.070545 0.551398 0.022886 0.042509
4 0.367296 0.263180 0.145943 0.039941
4 0.436087 0.316332 0.146021 0.041200
0 0.040611 0.551192 0.024650 0.044555
0 0.017629 0.294643 0.023806 0.042421
0 0.017340 0.243969 0.023317 0.042103
0 0.765423 0.262978 0.022564 0.041630
0 0.860907 0.551975 0.079369 0.044106
0 0.765163 0.211566 0.022839 0.043296
0 0.684290 0.960989 0.016986 0.032852
0 0.370425 0.622674 0.018006 0.039002
0 0.896086 0.984632 0.074598 0.030736
0 0.449620 0.420318 0.036307 0.036535
0 0.658526 0.961033 0.016189 0.033061
0 0.085767 0.103562 0.157512 0.034730
0 0.736884 0.960464 0.066549 0.034154
0 0.934350 0.551028 0.024453 0.043725
4 0.344428 0.316013 0.037663 0.039245
1 0.155059 0.927185 0.015108 0.032985
4 0.594629 0.264022 0.314006 0.043189
0 0.147301 0.551699 0.022893 0.041625
0 0.976500 0.101922 0.046999 0.033539
0 0.073385 0.708122 0.044397 0.037547
1 0.039021 0.436699 0.018159 0.034130
1 0.155001 0.887378 0.016177 0.032835
1 0.060879 0.436212 0.019847 0.035846
0 0.806243 0.123607 0.017484 0.037602
0 0.171293 0.551886 0.023066 0.040885
4 0.309821 0.316114 0.031676 0.039632
0 0.329429 0.417590 0.040718 0.036453
0 0.909896 0.102475 0.018384 0.036264
0 0.969598 0.985845 0.060399 0.028310
1 0.046628 0.886993 0.016494 0.032555
0 0.388936 0.417564 0.048382 0.039182
1 0.155865 0.806624 0.017472 0.035175
0 0.936836 0.102638 0.016463 0.035428
1 0.061084 0.476295 0.020459 0.037248
4 0.351625 0.622423 0.020655 0.040537
1 0.046352 0.927424 0.016473 0.032618
1 0.154824 0.846528 0.016440 0.033879
0 0.504075 0.418959 0.035770 0.034894
1 0.652288 0.213581 0.016011 0.029139
0 0.262191 0.417709 0.060922 0.035756
0 0.787476 0.960012 0.016352 0.031331
1 0.038722 0.476906 0.019053 0.035567
1 0.046190 0.846328 0.016814 0.031704
0 0.564375 0.420534 0.053062 0.038602
0 0.017762 0.192640 0.024908 0.051920
0 0.632482 0.961055 0.017689 0.034347
0 0.179269 0.102563 0.012374 0.025326
1 0.038500 0.395566 0.018030 0.037340
1 0.046250 0.806464 0.016781 0.036199
0 0.879101 0.706898 0.013480 0.030894
0 0.952967 0.030714 0.023733 0.045083
4 0.160649 0.654284 0.049976 0.044187
0 0.987129 0.029843 0.024005 0.047119
0 0.133302 0.706864 0.037140 0.036534
0 0.919282 0.029351 0.023341 0.043125
0 0.020762 0.028689 0.020926 0.043138
1 0.060809 0.394864 0.020064 0.038827
0 0.897117 0.708291 0.018068 0.029857
4 0.110299 0.193850 0.146210 0.039012