2 0.133554 0.175135 0.193846 0.048957
4 0.279046 0.174259 0.100500 0.045937
0 0.464887 0.104959 0.057787 0.034165
0 0.359246 0.104866 0.137091 0.036658
0 0.262661 0.104768 0.036118 0.033210
0 0.018419 0.386272 0.028059 0.046304
2 0.341905 0.388331 0.369304 0.052392
0 0.949141 0.105792 0.056878 0.039163
0 0.852641 0.966846 0.085725 0.042500
0 0.565389 0.386970 0.027710 0.046256
0 0.519798 0.105167 0.029956 0.033763
1 0.380295 0.174748 0.018682 0.033291
0 0.613016 0.105910 0.135154 0.038224
2 0.739175 0.105384 0.099747 0.038592
0 0.132082 0.105679 0.202622 0.039507
0 0.017706 0.226673 0.027274 0.043283
2 0.822143 0.105967 0.046641 0.037358
0 0.940709 0.964857 0.073135 0.040992
0 0.017769 0.279946 0.027761 0.044876
0 0.901359 0.106189 0.021531 0.037841
0 0.593432 0.387176 0.027899 0.047116
0 0.018198 0.174597 0.028591 0.052301
0 0.044643 0.031346 0.025042 0.046499
0 0.879966 0.031247 0.026825 0.044606
0 0.920366 0.031658 0.027638 0.046488
0 0.959615 0.031562 0.029458 0.049051