4 0.272504 0.445875 0.217598 0.038513
4 0.203340 0.353320 0.079113 0.037581
4 0.181821 0.624930 0.035833 0.037985
4 0.195922 0.309265 0.065762 0.037129
4 0.196231 0.670338 0.064622 0.039157
4 0.188522 0.759862 0.050567 0.037479
4 0.182006 0.263818 0.036976 0.041361
4 0.202776 0.715343 0.079877 0.037498
2 0.022913 0.093307 0.038439 0.032946
0 0.975365 0.093188 0.046534 0.036727
0 0.913064 0.972788 0.172517 0.040432
0 0.016480 0.029802 0.018874 0.037962
0 0.924544 0.029518 0.022624 0.039122
0 0.954676 0.030484 0.020841 0.039546
0 0.986624 0.030661 0.022269 0.040606