0 0.470648 0.174164 0.021030 0.036458
4 0.490573 0.675892 0.077275 0.035907
2 0.351122 0.093039 0.034454 0.031338
0 0.316797 0.310841 0.132459 0.038046
0 0.902670 0.981195 0.065931 0.035018
4 0.466178 0.812412 0.027676 0.033328
0 0.428087 0.174545 0.019444 0.035458
4 0.197078 0.675885 0.073935 0.033762
4 0.190687 0.311346 0.075434 0.032467
2 0.232807 0.584864 0.145774 0.035272
0 0.198550 0.093348 0.087092 0.032851
0 0.407264 0.174361 0.020440 0.035906
4 0.198054 0.266313 0.090484 0.031857
0 0.386047 0.173882 0.020656 0.035608
0 0.033092 0.092606 0.053672 0.031969
0 0.448818 0.174239 0.019782 0.035325
2 0.287999 0.093068 0.075326 0.032770
4 0.219194 0.174469 0.134743 0.036761
4 0.166600 0.220971 0.026967 0.035400
0 0.107083 0.092861 0.079203 0.031556
2 0.232636 0.539758 0.146513 0.035826
0 0.969695 0.980700 0.059017 0.034262
4 0.198160 0.630720 0.075946 0.033064
4 0.466185 0.857777 0.029089 0.034087
0 0.975112 0.093254 0.046280 0.037815
0 0.053233 0.403216 0.054444 0.035910
0 0.179207 0.402010 0.038679 0.036276
3 0.018485 0.902708 0.012655 0.026159
4 0.466247 0.903365 0.029108 0.033845
3 0.018588 0.857002 0.012186 0.026744
0 0.120892 0.402404 0.049556 0.035919
0 0.228661 0.402611 0.030818 0.034703
0 0.019588 0.028951 0.018434 0.037301
0 0.924248 0.028734 0.022091 0.039797
1 0.460960 0.628435 0.012714 0.024580
3 0.018420 0.811296 0.012415 0.027093
0 0.954559 0.029638 0.020598 0.038614
4 0.304296 0.494896 0.292946 0.034662
0 0.986047 0.029367 0.021112 0.039580
4 0.258701 0.220595 0.132343 0.034350