4 0.712601 0.479193 0.036744 0.042819
0 0.022933 0.869216 0.031804 0.037578
4 0.242622 0.478992 0.052090 0.042605
0 0.962743 0.972538 0.068976 0.042111
4 0.230488 0.354745 0.036867 0.044764
2 0.440893 0.100217 0.103777 0.035053
4 0.196404 0.479647 0.038281 0.042342
0 0.058282 0.100147 0.101527 0.035770
0 0.168431 0.099440 0.086798 0.034665
1 0.184406 0.532351 0.013932 0.027428
2 0.300286 0.100934 0.143544 0.036056
2 0.970655 0.100599 0.032546 0.041271
1 0.009542 0.746296 0.015675 0.030779
1 0.009510 0.786428 0.015291 0.030225
1 0.008976 0.700645 0.015051 0.030626
0 0.986223 0.640225 0.021830 0.043097
0 0.148090 0.249469 0.133637 0.042377
0 0.056077 0.869069 0.034277 0.038472
0 0.013783 0.971599 0.027000 0.036109
0 0.025787 0.023776 0.020591 0.040719
0 0.972235 0.026058 0.022361 0.043806
0 0.906707 0.024673 0.022208 0.042027
0 0.040743 0.247385 0.044999 0.039052
0 0.939472 0.026569 0.022581 0.043218
0 0.017012 0.925457 0.015281 0.027941
1 0.009145 0.826194 0.011209 0.023867
0 0.258112 0.868276 0.014749 0.032660
0 0.282596 0.868904 0.015339 0.028892
0 0.258702 0.477611 0.017109 0.045222