0 0.382923 0.932074 0.022807 0.037516
4 0.774306 0.448395 0.087481 0.037007
0 0.275372 0.931995 0.022197 0.036378
0 0.512118 0.095886 0.041232 0.040097
0 0.134897 0.173179 0.024352 0.045488
0 0.033958 0.173681 0.020585 0.043661
0 0.405830 0.932499 0.022586 0.037702
0 0.299069 0.932062 0.022780 0.036420
0 0.428934 0.932742 0.021970 0.037581
4 0.782060 0.495206 0.101555 0.040916
0 0.066493 0.092937 0.087345 0.031770
0 0.252170 0.932244 0.021559 0.036435
4 0.421542 0.543525 0.086786 0.040361
4 0.781897 0.543110 0.101888 0.041539
1 0.368487 0.787840 0.015960 0.029048
0 0.337530 0.092025 0.107159 0.031495
4 0.536119 0.544281 0.085332 0.040140
1 0.259091 0.787470 0.016027 0.031042
0 0.197546 0.092447 0.156055 0.032745
2 0.442185 0.094312 0.088490 0.036032
0 0.955144 0.092784 0.049614 0.034105
4 0.453483 0.495613 0.149390 0.040086
1 0.368308 0.825718 0.015843 0.029797
0 0.009449 0.173243 0.018898 0.045238
1 0.258854 0.863476 0.015843 0.030174
1 0.368139 0.863250 0.016133 0.030099
4 0.955269 0.932505 0.047442 0.039869
2 0.103180 0.173934 0.018603 0.044800
0 0.293996 0.349992 0.058838 0.036263
2 0.053182 0.173764 0.018814 0.044209
0 0.083875 0.173677 0.021315 0.044811
1 0.861542 0.152559 0.014588 0.027524
1 0.258869 0.825662 0.015488 0.029337
0 0.721236 0.447073 0.017114 0.030577
0 0.414630 0.290579 0.079871 0.030560
0 0.398809 0.339084 0.048428 0.032648
0 0.447648 0.438941 0.147065 0.042657
0 0.719920 0.496800 0.019656 0.030647
0 0.037039 0.025996 0.021707 0.040550
0 0.897672 0.026360 0.023289 0.040603
0 0.964923 0.025794 0.023580 0.042221
0 0.116631 0.322876 0.183257 0.037547
0 0.931187 0.026093 0.023921 0.041880
0 0.096787 0.553240 0.150756 0.038910
0 0.099571 0.322869 0.124718 0.035273
0 0.099547 0.476477 0.155357 0.037585
0 0.391577 0.192494 0.041084 0.033478
0 0.389466 0.387873 0.028370 0.031853
0 0.098593 0.362342 0.153262 0.034911
0 0.100100 0.591638 0.152360 0.038073
0 0.099476 0.515438 0.161371 0.035901
2 0.110052 0.284156 0.219302 0.036393
0 0.451674 0.238423 0.153278 0.037014
0 0.094736 0.401240 0.138416 0.033881
0 0.097005 0.438509 0.142954 0.038398
0 0.090481 0.631065 0.131042 0.041786
0 0.353415 0.349854 0.022691 0.039528
0 0.450703 0.144874 0.151464 0.045174
0 0.615498 0.248776 0.159973 0.040657
0 0.817166 0.254423 0.228614 0.047433