0 0.252745 0.615692 0.127253 0.040516
0 0.469902 0.915760 0.022543 0.037856
0 0.252772 0.658019 0.130400 0.041092
0 0.252321 0.744485 0.127049 0.038894
2 0.417603 0.531470 0.178727 0.040240
0 0.073137 0.158240 0.018722 0.039875
0 0.517232 0.915296 0.023668 0.037443
0 0.493535 0.915620 0.022815 0.037463
2 0.733329 0.089082 0.031713 0.028103
0 0.253030 0.787338 0.125211 0.039506
2 0.416014 0.488215 0.183657 0.039601
0 0.252263 0.829166 0.129210 0.038486
0 0.252316 0.701573 0.127490 0.039250
4 0.550756 0.144674 0.252876 0.040060
0 0.055363 0.088920 0.053139 0.028731
0 0.252794 0.273035 0.130138 0.038901
4 0.336523 0.401036 0.020084 0.037576
4 0.356802 0.444213 0.060871 0.036465
2 0.384927 0.916667 0.099659 0.039024
0 0.435203 0.088613 0.028742 0.027138
0 0.123913 0.089479 0.070906 0.030096
2 0.389536 0.187212 0.151176 0.039272
0 0.103651 0.424068 0.145900 0.027595
4 0.356508 0.358535 0.060129 0.037847
4 0.651523 0.358674 0.030728 0.037459
4 0.371895 0.144050 0.113712 0.038308
0 0.103739 0.593225 0.145526 0.026674
0 0.008556 0.158347 0.017111 0.041844
0 0.237817 0.089444 0.142387 0.032059
0 0.611079 0.089308 0.058390 0.029162
4 0.326633 0.230125 0.023605 0.036587
0 0.550983 0.089383 0.050500 0.028764
1 0.516537 0.187702 0.014314 0.031774
0 0.103645 0.659785 0.145335 0.027405
0 0.103541 0.491157 0.144913 0.027360
2 0.678532 0.088942 0.065067 0.028660
0 0.971673 0.089151 0.038254 0.032253
0 0.104437 0.728833 0.147755 0.027715
0 0.102979 0.524915 0.146481 0.026368
0 0.103683 0.693918 0.148056 0.026629
4 0.642432 0.402107 0.014437 0.037488
2 0.049222 0.158274 0.015910 0.039721
0 0.488153 0.089136 0.064116 0.029426
0 0.365217 0.089471 0.099743 0.030501
0 0.103771 0.626636 0.144905 0.027015
0 0.938940 0.089301 0.015448 0.030647
0 0.104144 0.289156 0.147706 0.030750
0 0.103799 0.457974 0.144927 0.027289
0 0.103452 0.559324 0.145593 0.028025
0 0.104851 0.762561 0.148121 0.027434
1 0.516726 0.230358 0.013234 0.026544
0 0.073369 0.355400 0.087550 0.024943
0 0.075967 0.321444 0.093342 0.024505
0 0.103701 0.390000 0.146174 0.028594
0 0.093534 0.157926 0.016556 0.038165
0 0.104668 0.795721 0.147038 0.026371
0 0.099505 0.828983 0.139891 0.025756
0 0.033873 0.158603 0.016724 0.039752
0 0.057143 0.860965 0.054907 0.023655
2 0.108579 0.157765 0.015358 0.038062
0 0.077739 0.828932 0.098442 0.025597
0 0.926395 0.027755 0.019515 0.040464
0 0.952340 0.027596 0.019203 0.040024
0 0.979195 0.027586 0.020185 0.041066
0 0.039259 0.027174 0.018613 0.040040
0 0.082213 0.255721 0.105430 0.033121