4 0.249729 0.647133 0.139652 0.033221
4 0.166345 0.265571 0.075772 0.031448
0 0.521659 0.903980 0.018436 0.034613
4 0.439881 0.781962 0.075249 0.032357
4 0.223984 0.680854 0.088459 0.032662
4 0.215992 0.714238 0.073570 0.030846
0 0.039980 0.182074 0.014760 0.027997
4 0.433568 0.714560 0.062054 0.031544
4 0.216468 0.781740 0.075063 0.030777
4 0.216387 0.481051 0.073772 0.031355
4 0.250329 0.748582 0.140862 0.032351
4 0.474537 0.847959 0.144603 0.032028
2 0.094664 0.077724 0.117162 0.032502
0 0.072671 0.182073 0.015241 0.026391
4 0.416436 0.446859 0.174686 0.033316
4 0.237481 0.514015 0.115401 0.031092
4 0.440185 0.512781 0.074866 0.030949
4 0.368975 0.265139 0.034664 0.031885
4 0.250962 0.848687 0.142364 0.032396
4 0.388883 0.298812 0.074416 0.031147
4 0.200012 0.613704 0.041136 0.030128
4 0.442160 0.646674 0.079422 0.033179
4 0.166446 0.298835 0.075127 0.032345
0 0.540416 0.903583 0.019658 0.034494
0 0.945046 0.014536 0.013173 0.025545
4 0.447276 0.681067 0.088250 0.031812
4 0.451264 0.580220 0.042246 0.033101
4 0.195865 0.446367 0.033632 0.031568
0 0.056012 0.182020 0.014656 0.026849
4 0.199369 0.579787 0.042429 0.031581
0 0.237057 0.181263 0.111587 0.027556
4 0.567388 0.366175 0.031877 0.030715
0 0.045421 0.434524 0.017606 0.029391
4 0.195930 0.814619 0.033490 0.031701
0 0.127614 0.181421 0.090752 0.027316
4 0.266930 0.413302 0.178786 0.033217
4 0.565476 0.265332 0.034464 0.030770
0 0.219886 0.077632 0.016040 0.028143
4 0.439643 0.546226 0.074242 0.031601
0 0.023276 0.434126 0.018719 0.031024
0 0.930684 0.015124 0.014804 0.026938
4 0.559251 0.299090 0.021095 0.032909
0 0.412334 0.076510 0.017594 0.028446
0 0.179893 0.076052 0.015652 0.026784
0 0.022449 0.182120 0.016277 0.031932
0 0.394038 0.076933 0.017084 0.027988
4 0.189665 0.380215 0.021606 0.031410
0 0.959090 0.013994 0.012766 0.024351
0 0.260469 0.076697 0.017761 0.027994
0 0.201952 0.077425 0.016508 0.027978
0 0.238632 0.077125 0.017388 0.028665
4 0.413542 0.580302 0.020887 0.032415
0 0.433540 0.076298 0.017634 0.028395
0 0.278095 0.076617 0.015603 0.027356
0 0.296296 0.076755 0.017445 0.027575
0 0.162160 0.076417 0.014996 0.028126
0 0.316502 0.076684 0.017814 0.026192
0 0.062565 0.437706 0.014373 0.025687
0 0.952657 0.982428 0.016774 0.023609
0 0.368621 0.077303 0.017244 0.026707
4 0.729485 0.521915 0.069997 0.026695
4 0.798636 0.522015 0.069468 0.026399
4 0.798770 0.495803 0.070359 0.026444
4 0.661473 0.494718 0.069011 0.027674
4 0.729776 0.495381 0.069269 0.026672
0 0.452080 0.076150 0.015904 0.027584
4 0.849348 0.521679 0.032040 0.026409
0 0.023582 0.076767 0.017776 0.028728
4 0.661101 0.521815 0.069412 0.026292
0 0.978117 0.982573 0.016236 0.024519
0 0.542971 0.333582 0.017067 0.029791
4 0.589630 0.521755 0.075722 0.026802
4 0.590171 0.494982 0.074764 0.027713
0 0.334946 0.076782 0.015410 0.025753
0 0.016530 0.025833 0.015813 0.024664
4 0.849351 0.495062 0.031920 0.026947
0 0.351301 0.077342 0.014816 0.026253