4 0.306711 0.519560 0.102894 0.038977
4 0.273939 0.325580 0.039074 0.039616
4 0.274232 0.567991 0.039879 0.040272
0 0.333369 0.277794 0.018542 0.036169
0 0.811583 0.975493 0.099088 0.040200
4 0.288667 0.278987 0.068632 0.034723
4 0.274340 0.616126 0.040796 0.039754
4 0.270751 0.373810 0.032786 0.039338
0 0.921706 0.975029 0.109679 0.043390
0 0.949206 0.095934 0.053717 0.041936
2 0.045442 0.095410 0.044832 0.040175
0 0.319992 0.974886 0.077543 0.035560
1 0.263995 0.760055 0.016256 0.028814
0 0.038883 0.025249 0.023230 0.040131
0 0.888729 0.027413 0.024453 0.042493
0 0.923868 0.027336 0.025528 0.042516
0 0.959685 0.026909 0.026806 0.044193
0 0.037343 0.973840 0.016019 0.031034