4 0.242418 0.425490 0.087336 0.038631
4 0.262814 0.473837 0.129726 0.037772
4 0.601971 0.618020 0.086730 0.036917
4 0.163328 0.183788 0.104128 0.037331
4 0.601837 0.715175 0.087721 0.039996
0 0.867744 0.975644 0.075224 0.039712
4 0.147057 0.232496 0.071631 0.038079
4 0.242695 0.617263 0.087063 0.036953
0 0.076691 0.328605 0.061807 0.039604
4 0.243405 0.666267 0.089174 0.036094
4 0.218830 0.714780 0.039483 0.039165
4 0.665643 0.231904 0.039987 0.040964
4 0.255563 0.714131 0.031417 0.038843
0 0.945307 0.975001 0.068587 0.037406
0 0.953663 0.097724 0.055788 0.039688
4 0.259324 0.183133 0.040465 0.039263
0 0.175728 0.326715 0.102257 0.040025
0 0.277207 0.326173 0.067961 0.040935
0 0.351061 0.327411 0.046751 0.039777
0 0.419122 0.326094 0.063688 0.042012
2 0.045175 0.098149 0.043937 0.035790
0 0.490428 0.326121 0.048792 0.042743
0 0.556897 0.325904 0.056731 0.041629
0 0.038062 0.027906 0.023273 0.040612
0 0.927989 0.029615 0.026102 0.043502
0 0.963901 0.028725 0.027043 0.044757
0 0.892028 0.028800 0.025169 0.042125
1 0.388884 0.423142 0.015030 0.027768