0 0.024213 0.963192 0.029419 0.032129
4 0.146040 0.420704 0.211811 0.031927
0 0.958534 0.964204 0.033783 0.024929
4 0.370833 0.420679 0.191518 0.030772
0 0.918735 0.963873 0.033169 0.028002
4 0.842301 0.420933 0.211613 0.033033
4 0.610572 0.421127 0.211743 0.032942
4 0.842102 0.564369 0.212737 0.032299
4 0.842167 0.491891 0.213847 0.031032
0 0.369979 0.186292 0.091258 0.036429
0 0.474954 0.420202 0.016195 0.030065
0 0.250475 0.741920 0.038849 0.028579
4 0.369602 0.491599 0.191474 0.031828
4 0.145488 0.492442 0.212864 0.030326
0 0.750899 0.742190 0.087538 0.030539
0 0.580344 0.742795 0.055617 0.032528
0 0.475835 0.490739 0.017456 0.030525
4 0.610805 0.348043 0.209854 0.030271
0 0.070667 0.740871 0.043603 0.028284
0 0.067871 0.183957 0.084092 0.032232
0 0.308231 0.742180 0.052400 0.030160
4 0.378737 0.349099 0.211552 0.029647
0 0.512148 0.742140 0.053453 0.029622
2 0.151181 0.025867 0.093939 0.033721
0 0.137500 0.183981 0.030381 0.031408
4 0.145128 0.348573 0.210371 0.030762
4 0.842992 0.348824 0.211515 0.031793
0 0.189313 0.183984 0.049256 0.034252
0 0.499473 0.183973 0.056841 0.031573
0 0.444839 0.741825 0.053542 0.029070
0 0.193021 0.741907 0.051545 0.028617
0 0.949124 0.098920 0.017612 0.034369
0 0.269519 0.183829 0.086842 0.034042
0 0.845312 0.742262 0.077507 0.030757
0 0.657538 0.741537 0.073497 0.028928
0 0.575733 0.183720 0.071691 0.031978
0 0.129952 0.741546 0.048493 0.030199
0 0.444216 0.183818 0.031316 0.031435
0 0.870267 0.963832 0.053127 0.029023
0 0.919790 0.739629 0.045376 0.033941
0 0.358776 0.741075 0.025476 0.028448
0 0.395198 0.740773 0.023071 0.027159
0 0.903476 0.026219 0.020781 0.033460
0 0.875569 0.025483 0.019815 0.033977
0 0.958935 0.025829 0.019746 0.034001
0 0.993360 0.969629 0.013244 0.033168
0 0.930505 0.026221 0.019388 0.033941
0 0.041276 0.025984 0.018190 0.033109
4 0.146478 0.385619 0.213976 0.033073
2 0.993428 0.078674 0.013006 0.030002
0 0.950957 0.740559 0.013068 0.035894