0 0.923624 0.697017 0.019715 0.032421
0 0.378677 0.696671 0.020360 0.032951
0 0.741472 0.636484 0.020632 0.033199
4 0.309727 0.179903 0.360319 0.037257
0 0.378216 0.636462 0.021036 0.033830
0 0.741756 0.696512 0.020182 0.032665
0 0.923383 0.636656 0.020910 0.032787
0 0.196406 0.636297 0.020202 0.032133
0 0.741197 0.566059 0.020725 0.032813
0 0.962079 0.445755 0.018045 0.032375
4 0.730525 0.179398 0.203217 0.037724
0 0.196624 0.696397 0.019640 0.032289
0 0.954777 0.062287 0.017376 0.029374
4 0.846886 0.446478 0.248705 0.035068
2 0.500253 0.064137 0.148519 0.041025
0 0.100511 0.063730 0.017927 0.032775
0 0.927916 0.062512 0.018839 0.031634
0 0.043852 0.063381 0.024257 0.037944
0 0.956449 0.017682 0.014326 0.022262
0 0.910992 0.973771 0.128133 0.030406
0 0.923855 0.566539 0.020210 0.031448
0 0.986779 0.973360 0.018859 0.030704
0 0.073468 0.062499 0.016175 0.033125
0 0.560304 0.696242 0.019631 0.031610
0 0.985477 0.017468 0.016637 0.024688
0 0.378302 0.566397 0.020952 0.033263
0 0.196733 0.566118 0.019853 0.032233
0 0.900563 0.062646 0.018055 0.030973
0 0.480462 0.179320 0.018225 0.030158
0 0.560073 0.636300 0.020443 0.033596
0 0.928557 0.019081 0.014792 0.021198
0 0.790702 0.972434 0.095289 0.030766
0 0.986745 0.446242 0.017004 0.032512
0 0.559366 0.566388 0.019912 0.035710