0 0.918631 0.963842 0.033745 0.028748
0 0.958543 0.963709 0.034259 0.027480
0 0.578913 0.096386 0.013143 0.025684
0 0.555261 0.525305 0.056567 0.028726
0 0.076285 0.056124 0.013189 0.020442
0 0.556898 0.096026 0.014763 0.024801
0 0.949209 0.098855 0.017070 0.033385
2 0.289085 0.488654 0.344184 0.027377
0 0.905195 0.273416 0.045706 0.026788
0 0.942052 0.272922 0.020757 0.027265
0 0.061001 0.055906 0.012254 0.021006
0 0.903558 0.026190 0.020599 0.033252
0 0.875610 0.025482 0.019588 0.033590
0 0.958954 0.025800 0.019626 0.033856
0 0.930541 0.026191 0.019218 0.033773
0 0.446540 0.056864 0.014551 0.026345
0 0.993338 0.969382 0.013286 0.034241
0 0.103918 0.056097 0.032567 0.021282
0 0.047724 0.055745 0.011918 0.020782
0 0.918907 0.273280 0.018179 0.024899
0 0.013238 0.017853 0.012033 0.020831
4 0.515947 0.057271 0.117046 0.029876
0 0.577911 0.056631 0.013782 0.024693
0 0.993427 0.078449 0.013006 0.029343
0 0.522097 0.096152 0.013453 0.022912
0 0.033172 0.055396 0.013366 0.020772
0 0.533818 0.095841 0.015522 0.024073
0 0.013750 0.055371 0.012935 0.020279