5 0.499441 0.500450 0.653036 0.924019
0 0.938395 0.260375 0.023063 0.033081
0 0.934280 0.347500 0.020325 0.031001
0 0.908909 0.348049 0.015356 0.032917
0 0.723731 0.936847 0.022378 0.029553
0 0.876615 0.348220 0.030922 0.030605
0 0.757852 0.934481 0.032440 0.027493
4 0.082089 0.189751 0.104339 0.032309
2 0.581650 0.175443 0.256843 0.030652
0 0.728443 0.173182 0.015454 0.027507
0 0.886473 0.259353 0.067548 0.031230
0 0.143384 0.261884 0.017754 0.032952
0 0.801633 0.933744 0.036444 0.025447
2 0.068340 0.084751 0.082235 0.032124
0 0.143117 0.188833 0.018593 0.031973
2 0.888068 0.191237 0.123201 0.029766
0 0.255823 0.106748 0.162750 0.030852
0 0.749150 0.173185 0.014090 0.026622
0 0.744214 0.105818 0.164045 0.028771
3 0.030658 0.897410 0.012521 0.025681
3 0.030949 0.787533 0.012616 0.026304
3 0.031275 0.566785 0.011821 0.025106
0 0.580164 0.106826 0.162464 0.030696
0 0.948875 0.079551 0.017746 0.028584
3 0.031033 0.454938 0.011975 0.025633
4 0.082479 0.262286 0.103252 0.030290
2 0.313040 0.174093 0.256841 0.029541
3 0.030973 0.677101 0.013292 0.027424
0 0.839756 0.349152 0.028351 0.028741
0 0.419257 0.105364 0.163915 0.029794
0 0.133616 0.565965 0.021607 0.035320
0 0.955094 0.349218 0.017388 0.032467
0 0.903848 0.025629 0.019735 0.033251
0 0.163709 0.565692 0.020462 0.029114
0 0.875070 0.024999 0.019365 0.033379
0 0.958301 0.025412 0.018905 0.033916
0 0.041571 0.025459 0.018138 0.033333
0 0.930118 0.025649 0.019022 0.033768
0 0.993647 0.078004 0.012670 0.027263
0 0.956922 0.455629 0.011698 0.030538
0 0.956413 0.566944 0.011698 0.026598
0 0.957431 0.674320 0.010681 0.028568
0 0.956668 0.786620 0.011189 0.028568
0 0.955905 0.899414 0.012715 0.025612
4 0.168212 0.189802 0.009130 0.028568
4 0.168563 0.264622 0.011238 0.031288