0 0.908796 0.556305 0.014917 0.030374
0 0.954849 0.556870 0.019652 0.033012
0 0.349372 0.391816 0.127860 0.204410
0 0.783621 0.556448 0.015253 0.030119
0 0.758877 0.556897 0.020256 0.033105
0 0.884509 0.556772 0.016205 0.029826
0 0.858730 0.556828 0.014810 0.028288
0 0.833650 0.556277 0.014384 0.028387
0 0.733204 0.556698 0.013025 0.029720
2 0.101899 0.558308 0.111252 0.032780
0 0.479233 0.391806 0.128438 0.204306
0 0.934573 0.556730 0.018893 0.031764
4 0.141448 0.183647 0.225043 0.033940
0 0.808512 0.556131 0.015396 0.028372
0 0.948595 0.183784 0.022204 0.029627
0 0.896058 0.183305 0.067887 0.030246
0 0.936695 0.079055 0.063933 0.028284
0 0.944126 0.973889 0.043270 0.027322
0 0.985356 0.973527 0.016101 0.026213
4 0.392330 0.183549 0.225343 0.034060
0 0.500171 0.516613 0.015754 0.028746
0 0.218505 0.392963 0.129883 0.204906
0 0.511777 0.183687 0.016570 0.030874
0 0.708571 0.555086 0.013678 0.028142
0 0.260849 0.183947 0.016428 0.030453
2 0.206381 0.026964 0.193442 0.032732
0 0.954503 0.223678 0.012036 0.022894
0 0.035804 0.975057 0.058953 0.031015
0 0.039293 0.222652 0.014767 0.029006
0 0.903573 0.026343 0.020291 0.032715
0 0.876755 0.026004 0.018860 0.033398
0 0.848080 0.024876 0.019175 0.033608
0 0.930645 0.025938 0.019340 0.032738
0 0.041323 0.025374 0.018004 0.033119
0 0.958814 0.025581 0.019331 0.033501