0 0.194685 0.282871 0.020423 0.034834
0 0.020716 0.465493 0.018540 0.031335
0 0.166568 0.283240 0.018925 0.033288
0 0.270138 0.282624 0.020096 0.034522
0 0.377767 0.079163 0.030464 0.024434
0 0.425653 0.079215 0.036769 0.024359
4 0.185209 0.666688 0.045142 0.031093
0 0.083717 0.282796 0.018768 0.033239
0 0.907030 0.963932 0.026297 0.030213
0 0.243075 0.282813 0.018832 0.033581
0 0.145797 0.282797 0.019762 0.032650
4 0.503609 0.627798 0.069661 0.030953
4 0.197366 0.628331 0.070181 0.031103
0 0.061770 0.283124 0.017965 0.032129
0 0.358879 0.233443 0.017916 0.032055
0 0.040011 0.283615 0.017671 0.032522
0 0.062932 0.506017 0.028261 0.027857
0 0.296245 0.233094 0.018125 0.032647
4 0.503808 0.588364 0.069680 0.031256
0 0.312638 0.079814 0.072922 0.026676
0 0.066831 0.079975 0.097543 0.026667
0 0.145180 0.079558 0.033055 0.024702
2 0.629955 0.080115 0.036195 0.026701
0 0.571375 0.080192 0.055751 0.027760
0 0.938618 0.963459 0.024432 0.026178
0 0.221475 0.282873 0.018936 0.033986
0 0.493985 0.079794 0.074084 0.026245
0 0.338609 0.282921 0.018473 0.031431
0 0.339165 0.233468 0.020019 0.032824
0 0.377935 0.233312 0.018895 0.031777
4 0.241814 0.704158 0.155122 0.032013
4 0.197648 0.588233 0.069226 0.030554
0 0.218812 0.079757 0.088635 0.026426
0 0.207361 0.189876 0.034337 0.029081
4 0.179013 0.549719 0.032060 0.032411
0 0.020239 0.232734 0.018573 0.031775
0 0.344548 0.189887 0.086651 0.025101
0 0.116725 0.188351 0.038117 0.027742
0 0.055629 0.188820 0.057857 0.029536
2 0.252640 0.468338 0.440919 0.031782
0 0.974669 0.962979 0.034357 0.026256
0 0.427064 0.189522 0.050556 0.027227
0 0.115067 0.505253 0.048134 0.026787
4 0.238816 0.150501 0.195067 0.031830
0 0.162779 0.189320 0.027087 0.026543
0 0.297174 0.282269 0.017763 0.033061
0 0.487954 0.188570 0.043863 0.030808
0 0.344938 0.148749 0.018142 0.031004
0 0.483989 0.465923 0.018217 0.030295
0 0.262311 0.189936 0.048646 0.027266
0 0.545973 0.188924 0.048489 0.029429
0 0.110425 0.284135 0.015137 0.029960
2 0.124981 0.284378 0.013197 0.028942
1 0.038193 0.370583 0.014986 0.026616
4 0.469624 0.402229 0.044475 0.029170
4 0.388216 0.401790 0.057725 0.029601
1 0.038126 0.402021 0.015819 0.027624
4 0.469357 0.371182 0.044718 0.029483
4 0.332161 0.370787 0.058293 0.031773
0 0.502950 0.465644 0.018793 0.031078
0 0.315256 0.233174 0.019212 0.032244
4 0.388236 0.371186 0.057729 0.031308
4 0.331718 0.402108 0.056843 0.029263
0 0.969874 0.080447 0.022837 0.028355
0 0.161332 0.504904 0.012023 0.024458
0 0.903068 0.025979 0.019581 0.033610
0 0.930053 0.026103 0.019004 0.034648
0 0.875665 0.025420 0.020194 0.034217
2 0.313907 0.282746 0.015482 0.032289
4 0.366720 0.549494 0.344596 0.033339
0 0.958470 0.025653 0.026889 0.041011
4 0.241180 0.370362 0.025578 0.031343
0 0.041356 0.025437 0.018177 0.033459
4 0.193996 0.370698 0.070659 0.030345
4 0.266098 0.370277 0.025859 0.031003
4 0.193992 0.401510 0.070651 0.029290
4 0.241277 0.401334 0.025182 0.029670
4 0.290634 0.370595 0.024923 0.031154
1 0.431751 0.371833 0.010727 0.018179
1 0.432198 0.403431 0.008939 0.017314
1 0.504380 0.371400 0.009386 0.019045
1 0.504157 0.402132 0.008939 0.018179
0 0.185707 0.506881 0.026370 0.018179
4 0.266381 0.400834 0.024135 0.031165
4 0.290963 0.400401 0.023241 0.032031
2 0.158555 0.234197 0.256560 0.030823