0 0.970332 0.966192 0.038763 0.032230
4 0.310232 0.466494 0.070391 0.032881
0 0.059639 0.079355 0.085187 0.027352
4 0.291700 0.427068 0.033722 0.032215
4 0.466621 0.466690 0.069180 0.031131
4 0.350230 0.583745 0.152211 0.031021
2 0.133885 0.079284 0.036418 0.025243
0 0.563847 0.466580 0.024888 0.032764
0 0.969905 0.079915 0.021286 0.027122
0 0.904173 0.026711 0.019477 0.032317
0 0.876111 0.025821 0.019597 0.033484
0 0.848143 0.024955 0.018977 0.033561
0 0.930785 0.026013 0.019615 0.032963
3 0.219824 0.543780 0.010874 0.021730
0 0.958706 0.025493 0.019075 0.033779
0 0.041323 0.025699 0.018320 0.033360
3 0.220324 0.776273 0.013898 0.028009
3 0.220483 0.739848 0.015127 0.027835
0 0.220672 0.389344 0.013237 0.022708