4 0.166325 0.264885 0.074895 0.030821
0 0.082675 0.433265 0.016126 0.028688
0 0.318912 0.433522 0.017661 0.029622
0 0.064735 0.433314 0.016386 0.028872
0 0.072621 0.181841 0.015099 0.025611
0 0.040063 0.182328 0.014358 0.026806
2 0.094421 0.077136 0.116630 0.032229
0 0.175107 0.433657 0.023712 0.030260
0 0.297062 0.433444 0.019010 0.029421
4 0.369043 0.264657 0.034882 0.031008
0 0.101843 0.433490 0.016696 0.027588
4 0.410265 0.332559 0.116725 0.032933
0 0.150542 0.433298 0.022309 0.028924
0 0.045859 0.433262 0.017197 0.030008
0 0.244227 0.433049 0.022742 0.029004
0 0.945125 0.014874 0.013072 0.025697
4 0.165541 0.298887 0.075068 0.033579
4 0.148704 0.365170 0.040779 0.029886
0 0.220273 0.076741 0.014651 0.027019
0 0.055685 0.181986 0.014263 0.025839
0 0.119125 0.433499 0.014768 0.027165
4 0.388684 0.298833 0.074344 0.031855
0 0.201417 0.433280 0.017941 0.029025
0 0.022609 0.182585 0.015951 0.030466
0 0.127678 0.181345 0.089681 0.026604
0 0.179942 0.075829 0.017056 0.027357
0 0.236386 0.181437 0.111168 0.027067
0 0.221634 0.432965 0.019481 0.028978
4 0.565547 0.265176 0.033759 0.030444
0 0.022908 0.432942 0.018383 0.031260
0 0.238592 0.076915 0.016372 0.028341
0 0.434171 0.075700 0.014908 0.025771
4 0.564987 0.365907 0.035599 0.031834
0 0.260092 0.076626 0.018038 0.028709
0 0.393756 0.076644 0.017019 0.026461
0 0.411626 0.076220 0.016428 0.026500
0 0.269953 0.433628 0.024927 0.028582
0 0.958896 0.014387 0.012625 0.024541
4 0.509988 0.493523 0.069148 0.026020
0 0.202574 0.076417 0.016179 0.027036
0 0.930613 0.015434 0.014863 0.026987
0 0.296321 0.076689 0.017936 0.028385
0 0.316269 0.076707 0.017792 0.026194
1 0.360104 0.366137 0.013029 0.024187
0 0.451755 0.075540 0.015187 0.025215
0 0.278025 0.076710 0.015859 0.027864
0 0.022796 0.076660 0.016168 0.027160
4 0.559183 0.300212 0.021281 0.031989
4 0.586122 0.493802 0.082767 0.027249
0 0.367896 0.077087 0.016620 0.026434
0 0.978376 0.980951 0.014728 0.025524
4 0.661572 0.493443 0.069017 0.027108
4 0.586035 0.520389 0.082991 0.027116
4 0.345876 0.520212 0.146852 0.026502
4 0.204811 0.520236 0.130791 0.025986
4 0.509923 0.520153 0.072093 0.027062
0 0.162258 0.076322 0.014989 0.028388
4 0.729968 0.520347 0.070200 0.026589
4 0.660758 0.520253 0.069233 0.026804
0 0.334537 0.076599 0.015326 0.026124
0 0.127370 0.433901 0.013606 0.026551
4 0.186473 0.332874 0.115549 0.030606
4 0.730293 0.493877 0.069697 0.026332
4 0.466301 0.493732 0.019515 0.025858
0 0.952455 0.980605 0.018267 0.025234
0 0.351167 0.077218 0.015390 0.026450
4 0.345659 0.493875 0.149979 0.027414
0 0.018154 0.026732 0.012354 0.020374
4 0.798823 0.520436 0.069620 0.026462
4 0.849399 0.520192 0.031052 0.026616
4 0.799353 0.494200 0.069904 0.026423
4 0.466319 0.519825 0.019942 0.026922
0 0.491290 0.979537 0.015989 0.028118
4 0.205482 0.493622 0.130629 0.025742
4 0.850147 0.493739 0.029499 0.022253