4 0.323452 0.456815 0.298406 0.039252
4 0.227659 0.374842 0.107149 0.034059
4 0.255971 0.415747 0.162659 0.035072
4 0.557539 0.455940 0.060903 0.037455
4 0.394677 0.581446 0.438955 0.033184
2 0.475377 0.539480 0.220736 0.035821
4 0.226448 0.332564 0.103611 0.033184
4 0.807866 0.166643 0.309437 0.034627
4 0.259871 0.291444 0.171571 0.034627
4 0.552411 0.333344 0.166694 0.039329
2 0.099087 0.090901 0.162928 0.035654
0 0.660083 0.093321 0.059161 0.029390
4 0.254579 0.540602 0.160987 0.033737
4 0.480955 0.290894 0.024559 0.037812
2 0.311527 0.860083 0.075026 0.032735
2 0.311469 0.893093 0.074882 0.032368
2 0.311368 0.926828 0.075444 0.035431
1 0.054038 0.891312 0.034335 0.030937
1 0.053999 0.858179 0.033739 0.030353
1 0.023813 0.891944 0.019018 0.026259
0 0.567756 0.093286 0.087607 0.029992
2 0.341104 0.166929 0.222617 0.036726
0 0.050340 0.210169 0.081774 0.034426
0 0.359893 0.093684 0.131934 0.031185
0 0.237020 0.093077 0.079607 0.029423
0 0.773124 0.092995 0.128317 0.030980
2 0.884765 0.093105 0.062428 0.030264
0 0.474514 0.093301 0.061784 0.029543
1 0.053966 0.925399 0.034459 0.032133
1 0.023803 0.858650 0.019215 0.025471
1 0.054137 0.825601 0.033637 0.029901
1 0.023939 0.825743 0.020166 0.026048
4 0.804219 0.826409 0.122171 0.034670
0 0.152140 0.210506 0.072961 0.030441
4 0.803903 0.859003 0.122195 0.033691
1 0.023454 0.925771 0.021172 0.027758
4 0.947867 0.891903 0.102454 0.035889
2 0.311595 0.826598 0.075107 0.034198
4 0.494035 0.859282 0.293116 0.034540
4 0.948018 0.826328 0.102246 0.034530
0 0.241317 0.210234 0.059147 0.030070
4 0.493800 0.826137 0.296265 0.035061
4 0.803064 0.892107 0.121445 0.035431
1 0.374901 0.497403 0.013926 0.020921
4 0.493409 0.892410 0.296121 0.034863
4 0.122555 0.924948 0.103436 0.034613
4 0.948275 0.925683 0.102543 0.036277
4 0.122131 0.891740 0.103435 0.034858
4 0.692598 0.925734 0.104317 0.034171
4 0.692989 0.892506 0.104893 0.035505
4 0.948226 0.859049 0.102069 0.033796
4 0.803162 0.925561 0.122404 0.034742
4 0.880584 0.826417 0.035810 0.033531
4 0.493207 0.925903 0.296646 0.035484
4 0.692190 0.827026 0.103943 0.034385
4 0.121579 0.858775 0.103434 0.033997
4 0.692271 0.859397 0.104458 0.033612
4 0.121399 0.826425 0.102615 0.034157
4 0.880702 0.892052 0.036214 0.034711
4 0.880508 0.925744 0.035674 0.035110
4 0.880601 0.859280 0.036038 0.033257
0 0.310419 0.211070 0.039648 0.034180
0 0.030907 0.029133 0.026219 0.034461
0 0.377122 0.210746 0.059288 0.032638
0 0.023686 0.786506 0.020142 0.026603