0 0.496652 0.087262 0.019213 0.029911
0 0.784460 0.326977 0.015541 0.026739
0 0.766234 0.327147 0.017236 0.027682
4 0.454614 0.423073 0.079649 0.031057
4 0.476506 0.456425 0.124084 0.031617
0 0.475758 0.087546 0.019055 0.029763
0 0.525541 0.086332 0.017805 0.028192
2 0.645149 0.489014 0.168014 0.029811
0 0.750895 0.488373 0.029841 0.033709
0 0.446286 0.087509 0.019723 0.030830
0 0.546284 0.086160 0.016405 0.027899
0 0.477220 0.328834 0.047861 0.031801
2 0.108973 0.089620 0.128344 0.035653
4 0.476297 0.489558 0.125311 0.031258
0 0.933810 0.016976 0.016664 0.031113
0 0.248092 0.038784 0.032084 0.029758
0 0.417941 0.329143 0.066866 0.032431
0 0.487333 0.687968 0.102288 0.031577
4 0.454606 0.390053 0.080059 0.030476
0 0.604895 0.329705 0.099753 0.031458
0 0.300885 0.038598 0.049595 0.028291
0 0.300190 0.291986 0.020156 0.031121
0 0.201276 0.038201 0.049985 0.032749
0 0.526780 0.329455 0.048935 0.030977
4 0.582115 0.456055 0.044312 0.031335
0 0.916119 0.017129 0.017007 0.031408
0 0.701630 0.329301 0.090267 0.031460
0 0.372907 0.689101 0.122586 0.031581
2 0.506105 0.259663 0.226476 0.028229
0 0.800196 0.326907 0.014510 0.025866
4 0.703307 0.814063 0.081272 0.027942
0 0.951263 0.017603 0.017226 0.031791
0 0.458722 0.973110 0.022384 0.037866
4 0.583132 0.522620 0.332797 0.029309
0 0.425946 0.087276 0.018895 0.031357
0 0.344226 0.329563 0.076633 0.033108
0 0.396269 0.974109 0.022006 0.036973
0 0.072883 0.202813 0.099978 0.030541
4 0.904657 0.260629 0.132982 0.033606
4 0.426773 0.814616 0.122737 0.033389
0 0.553754 0.974070 0.020714 0.034968
0 0.648579 0.975025 0.026932 0.044562
0 0.362778 0.974580 0.023241 0.036062
0 0.427024 0.974499 0.020964 0.036770
0 0.615547 0.976602 0.022883 0.037088
4 0.703349 0.392235 0.125301 0.032504
0 0.298993 0.974091 0.021805 0.035028
0 0.331067 0.975235 0.022507 0.036787
0 0.353092 0.038349 0.029831 0.028899
0 0.028686 0.087549 0.018812 0.030575
0 0.679367 0.975861 0.021218 0.037674
0 0.018727 0.034522 0.017465 0.027613
0 0.865483 0.974031 0.015873 0.025056
0 0.710440 0.973333 0.024832 0.033948
0 0.884538 0.974413 0.013885 0.025041
0 0.584367 0.973787 0.022327 0.034368
4 0.124813 0.879253 0.154400 0.028443
4 0.552967 0.814932 0.125243 0.031149
4 0.340478 0.815841 0.047435 0.032389
4 0.765420 0.814495 0.042687 0.029376
0 0.522428 0.973927 0.022501 0.035695
2 0.141459 0.341915 0.189059 0.025647
0 0.490937 0.973384 0.021696 0.035479
4 0.628281 0.815535 0.026975 0.030118
0 0.264341 0.973711 0.023371 0.036868
0 0.973573 0.923712 0.018525 0.030820
0 0.978701 0.977140 0.023121 0.037730
4 0.880440 0.815466 0.183509 0.029934
0 0.017064 0.973905 0.021413 0.035243
0 0.767937 0.974806 0.051619 0.030462
0 0.484538 0.203223 0.016112 0.026131
0 0.229252 0.879603 0.015672 0.025490
0 0.258736 0.880418 0.015479 0.026110
0 0.899732 0.974703 0.015343 0.025832
0 0.212425 0.879164 0.016283 0.025012
0 0.105322 0.039526 0.129507 0.030525
0 0.813095 0.973989 0.015109 0.025234
0 0.152856 0.202231 0.042907 0.028619
0 0.147828 0.370366 0.179002 0.026234
2 0.133749 0.311936 0.205819 0.028619
2 0.125704 0.282721 0.220569 0.027426
1 0.647627 0.456222 0.012068 0.019079