0 0.368076 0.295839 0.018887 0.039562
0 0.149922 0.023760 0.031687 0.031313
0 0.634095 0.345037 0.030961 0.042752
2 0.080280 0.157343 0.132241 0.041363
4 0.513588 0.295735 0.087252 0.044250
4 0.317831 0.836223 0.086940 0.041192
0 0.634261 0.294811 0.031118 0.044622
0 0.399283 0.158867 0.075340 0.033231
0 0.111439 0.023547 0.027571 0.032189
2 0.477394 0.158812 0.051512 0.034224
4 0.294183 0.343863 0.038990 0.041094
4 0.489562 0.343541 0.040287 0.043163
0 0.062446 0.024712 0.050867 0.033079
0 0.197652 0.023534 0.043275 0.030031
0 0.618650 0.979655 0.030516 0.039899
0 0.335924 0.158813 0.017597 0.033648
4 0.317345 0.296009 0.085576 0.043126
0 0.099578 0.590524 0.151145 0.046002
0 0.299457 0.159491 0.020682 0.033657
4 0.317770 0.980516 0.086174 0.038037
4 0.513162 0.980027 0.086773 0.038217
4 0.530027 0.492195 0.472649 0.040017
0 0.245194 0.024071 0.031074 0.033566
0 0.214668 0.159511 0.109733 0.033310
0 0.019958 0.021966 0.019067 0.030688
4 0.591542 0.542710 0.631716 0.044544
0 0.025811 0.084529 0.019160 0.037660
4 0.283122 0.491898 0.014749 0.038697
3 0.047775 0.786357 0.018597 0.027813
3 0.047134 0.935098 0.018597 0.030232