4 0.299696 0.689215 0.283296 0.043150
2 0.080022 0.157349 0.133097 0.041769
4 0.220399 0.541654 0.129036 0.042130
0 0.171773 0.023447 0.032009 0.032307
4 0.622718 0.786453 0.087959 0.041723
4 0.172961 0.933969 0.033018 0.042679
0 0.219140 0.024046 0.044593 0.031571
4 0.299637 0.738902 0.282140 0.044627
2 0.309779 0.158393 0.051003 0.033661
4 0.622948 0.835594 0.088085 0.041851
4 0.298869 0.589896 0.282926 0.040624
4 0.300520 0.885580 0.281146 0.043706
4 0.299720 0.836866 0.282335 0.042192
4 0.300325 0.788130 0.283153 0.041438
4 0.623170 0.884524 0.086339 0.043401
4 0.595441 0.933246 0.032565 0.042928
0 0.232234 0.158929 0.074245 0.034119
4 0.239135 0.296317 0.039987 0.041299
0 0.132285 0.023628 0.025967 0.033583
4 0.219802 0.980764 0.126580 0.038472
0 0.073324 0.023436 0.071881 0.032165
0 0.266583 0.024732 0.031264 0.032949
0 0.042340 0.395487 0.069811 0.041464
0 0.169831 0.157557 0.020895 0.036075
4 0.299475 0.639618 0.283931 0.041352
0 0.327609 0.397092 0.051113 0.039183
0 0.128087 0.395176 0.066762 0.040795
0 0.231101 0.397211 0.105501 0.038022
0 0.421171 0.395716 0.099328 0.041657
0 0.019961 0.021930 0.018758 0.030412
0 0.514539 0.395807 0.052895 0.043214
0 0.025627 0.084096 0.019118 0.035805