4 0.309478 0.884984 0.165540 0.044203
4 0.270154 0.589983 0.088484 0.042773
4 0.504050 0.541745 0.135762 0.044160
2 0.080022 0.157352 0.133056 0.041757
4 0.310474 0.639420 0.165418 0.043321
4 0.480370 0.590759 0.083539 0.042299
0 0.171774 0.023426 0.032018 0.032295
4 0.271528 0.541618 0.089191 0.041231
0 0.606716 0.541134 0.024301 0.043842
4 0.278439 0.837637 0.099785 0.040888
2 0.309785 0.158388 0.051029 0.033686
0 0.219141 0.024038 0.044594 0.031552
4 0.278320 0.935571 0.102588 0.038433
0 0.583737 0.637908 0.024417 0.042737
4 0.389548 0.688623 0.326357 0.042486
4 0.270952 0.980559 0.087470 0.038613
0 0.583104 0.541199 0.022343 0.042321
0 0.232214 0.158903 0.074296 0.034154
4 0.239157 0.296305 0.040066 0.041483
0 0.583825 0.688567 0.024041 0.043191
0 0.132287 0.023608 0.025970 0.033573
0 0.266568 0.024729 0.031235 0.032861
0 0.041674 0.396688 0.067042 0.041058
0 0.073336 0.023415 0.071874 0.032151
0 0.169832 0.157535 0.020901 0.036039
0 0.128513 0.396102 0.063708 0.040187
0 0.322463 0.979903 0.016279 0.035368
0 0.230689 0.396786 0.104446 0.037627
0 0.327422 0.395468 0.056125 0.042055
0 0.420840 0.395779 0.099718 0.040740
0 0.514885 0.396199 0.053216 0.042873
0 0.019962 0.021927 0.018719 0.030367
0 0.025636 0.084082 0.019067 0.035696