0 0.257407 0.095591 0.020614 0.037889
0 0.282729 0.095893 0.019887 0.037918
0 0.308734 0.095652 0.020441 0.038351
0 0.593348 0.096699 0.022084 0.041876
0 0.224565 0.095004 0.021286 0.039891
4 0.189904 0.273137 0.095301 0.040265
4 0.544088 0.606237 0.092030 0.037080
4 0.270032 0.773886 0.051817 0.037366
0 0.502536 0.098251 0.023673 0.042614
4 0.544642 0.648352 0.092407 0.040862
0 0.561338 0.097620 0.024385 0.043291
0 0.212413 0.026532 0.039724 0.027363
0 0.284431 0.026935 0.076156 0.028201
4 0.163314 0.316912 0.042449 0.038374
0 0.163099 0.027209 0.031859 0.027768
0 0.534934 0.098671 0.024736 0.043383
2 0.113606 0.092568 0.147626 0.043055
0 0.052529 0.211162 0.022097 0.037070
0 0.200961 0.095038 0.022261 0.041022
0 0.477189 0.098202 0.022720 0.041638
0 0.451630 0.097459 0.023140 0.041857
4 0.197361 0.774584 0.094688 0.038057
4 0.198006 0.649886 0.093060 0.039645
4 0.232681 0.817716 0.162667 0.040848
0 0.137645 0.211391 0.021167 0.032425
0 0.357683 0.027203 0.045756 0.026922
0 0.119564 0.026657 0.026270 0.028085
0 0.426070 0.096795 0.023758 0.042586
0 0.023010 0.211633 0.022406 0.038303
4 0.197901 0.607062 0.093712 0.038756
4 0.283782 0.483332 0.263503 0.039880
0 0.047788 0.026069 0.089805 0.030147
4 0.646471 0.356783 0.094064 0.036748
0 0.619775 0.096532 0.024262 0.042049
0 0.243914 0.273996 0.016404 0.032521
0 0.409749 0.027391 0.031557 0.028342
0 0.341374 0.097153 0.021212 0.040955
0 0.108315 0.210874 0.020312 0.033860
0 0.019479 0.096393 0.022202 0.041263
0 0.080159 0.209995 0.020238 0.035288
0 0.061468 0.027125 0.063436 0.028364
4 0.282856 0.442191 0.259875 0.038329
0 0.393180 0.096275 0.022253 0.043868
0 0.165987 0.213704 0.018677 0.035475
0 0.367177 0.097320 0.022934 0.042540
0 0.653963 0.733155 0.092708 0.039716
4 0.365287 0.857155 0.429701 0.036256
0 0.637780 0.858410 0.112200 0.041098
0 0.229788 0.210791 0.107879 0.034870
0 0.015711 0.024549 0.026531 0.029887
0 0.647735 0.356666 0.091178 0.037186