4 0.209039 0.589908 0.132772 0.046702
0 0.204212 0.023572 0.037867 0.030080
4 0.449694 0.491693 0.137132 0.045475
4 0.212505 0.442783 0.140983 0.047275
2 0.362330 0.738053 0.170283 0.046822
4 0.264708 0.639182 0.245661 0.042962
2 0.079578 0.157620 0.133737 0.041900
0 0.159433 0.023335 0.031740 0.031762
4 0.184456 0.541660 0.088315 0.041906
4 0.392206 0.442338 0.019621 0.045369
0 0.538103 0.158589 0.049217 0.034164
2 0.192993 0.248050 0.179677 0.043162
0 0.257474 0.024406 0.049481 0.032276
0 0.387028 0.159053 0.050417 0.032595
4 0.184769 0.491772 0.088618 0.043295
2 0.721133 0.158214 0.050825 0.033958
4 0.578976 0.247841 0.249292 0.047573
0 0.327174 0.023711 0.071709 0.031179
0 0.193475 0.159088 0.064333 0.033375
0 0.394237 0.024116 0.044668 0.032759
4 0.208247 0.738702 0.132780 0.046247
0 0.462721 0.159089 0.070937 0.033754
0 0.067185 0.024040 0.059831 0.032843
0 0.040629 0.348317 0.065407 0.039800
4 0.407885 0.639359 0.047845 0.043477
0 0.294096 0.159557 0.106165 0.035715
0 0.253802 0.347318 0.029656 0.040916
0 0.629783 0.158993 0.102132 0.036196
0 0.120200 0.023612 0.025974 0.033219
0 0.441743 0.024239 0.031239 0.034027
0 0.123221 0.347062 0.061937 0.040891
0 0.195693 0.346763 0.049881 0.042970
1 0.282244 0.688433 0.013968 0.030853
0 0.290205 0.442755 0.018239 0.041675
4 0.322883 0.788194 0.364232 0.044041
0 0.307885 0.347406 0.042639 0.039570
0 0.019956 0.021906 0.018710 0.030173
0 0.025784 0.084499 0.019075 0.037324