0 0.257265 0.096171 0.021234 0.039123
4 0.239232 0.358240 0.111854 0.040510
0 0.282694 0.096314 0.020188 0.038952
0 0.593362 0.096731 0.022176 0.042022
0 0.308614 0.096272 0.020822 0.039427
0 0.134965 0.027280 0.031949 0.027710
0 0.502553 0.098308 0.023837 0.042843
0 0.561354 0.097638 0.024456 0.043503
4 0.205928 0.400262 0.042521 0.038344
2 0.111654 0.093189 0.145673 0.044208
0 0.534943 0.098721 0.024818 0.043766
0 0.224916 0.095192 0.021815 0.040569
0 0.256480 0.026783 0.075936 0.028319
0 0.477100 0.098240 0.022930 0.041925
0 0.184696 0.027190 0.039963 0.027503
0 0.331874 0.026775 0.050871 0.027674
0 0.393373 0.027346 0.046578 0.027842
0 0.451627 0.097495 0.023138 0.042112
0 0.034331 0.025872 0.061859 0.030438
0 0.092147 0.027119 0.027191 0.027740
0 0.425982 0.096594 0.023855 0.043689
0 0.200794 0.095171 0.023124 0.041195
1 0.206667 0.440268 0.040112 0.039185
0 0.019460 0.096537 0.022506 0.041687
0 0.445535 0.027876 0.031923 0.029309
0 0.303281 0.358064 0.017794 0.040760
0 0.619795 0.096576 0.024298 0.042197
0 0.341442 0.098251 0.022379 0.042633
0 0.366807 0.098146 0.023921 0.043728
0 0.393274 0.096704 0.022308 0.044066