0 0.257371 0.095611 0.020370 0.037804
0 0.282742 0.095716 0.019743 0.037514
4 0.198026 0.316229 0.093412 0.039786
4 0.622066 0.733286 0.147541 0.037243
4 0.223355 0.399359 0.145089 0.040921
0 0.593317 0.096630 0.022072 0.041873
4 0.595903 0.358364 0.093528 0.038737
4 0.198552 0.273642 0.093158 0.040296
0 0.308675 0.095426 0.020299 0.038312
4 0.573765 0.316450 0.049887 0.039364
4 0.620495 0.400266 0.146928 0.041612
4 0.198084 0.359257 0.095627 0.040952
4 0.176090 0.566542 0.051685 0.039967
4 0.261006 0.441888 0.220811 0.040515
0 0.502506 0.098184 0.023693 0.042578
4 0.243965 0.565810 0.051609 0.039448
4 0.594669 0.775024 0.093522 0.038723
2 0.113850 0.092936 0.148489 0.043160
4 0.224188 0.608184 0.143929 0.039837
4 0.629555 0.817211 0.162376 0.039049
0 0.278844 0.027290 0.045802 0.027177
4 0.569685 0.607818 0.042857 0.041224
0 0.224527 0.095114 0.022481 0.040608
4 0.197094 0.775237 0.094181 0.039200
0 0.163108 0.027268 0.031806 0.027480
0 0.561371 0.097472 0.024523 0.043430
0 0.217658 0.027335 0.050646 0.027997
0 0.534953 0.098580 0.024770 0.043571
0 0.477170 0.098144 0.022803 0.041702
4 0.281308 0.690987 0.268498 0.042047
0 0.451625 0.097398 0.023294 0.041935
4 0.282305 0.649641 0.264378 0.039849
4 0.223053 0.732870 0.144926 0.039257
4 0.367145 0.273930 0.025757 0.037073
4 0.282974 0.815664 0.261626 0.038626
0 0.252598 0.275449 0.015700 0.033009
0 0.426073 0.096637 0.023810 0.042914
0 0.119570 0.026632 0.026217 0.027891
0 0.047744 0.026001 0.089730 0.030266
0 0.200655 0.094845 0.021284 0.041151
4 0.366837 0.315687 0.025663 0.038249
0 0.331541 0.027431 0.030163 0.028347
0 0.019535 0.096280 0.022213 0.041141
4 0.646793 0.315810 0.095167 0.037719
0 0.619729 0.096545 0.024153 0.041980
0 0.341386 0.097657 0.021883 0.042016
0 0.366807 0.097825 0.023655 0.043373
0 0.061227 0.027126 0.063887 0.028194
4 0.223872 0.941141 0.144211 0.041183
0 0.393212 0.096366 0.022208 0.044226
4 0.570488 0.274377 0.043652 0.036562
4 0.569588 0.441539 0.042758 0.037268
0 0.031280 0.024497 0.058032 0.030328
3 0.438791 0.940857 0.016224 0.024971
3 0.438422 0.982474 0.018437 0.027745
1 0.251106 0.983862 0.012537 0.016647
4 0.159661 0.980394 0.014012 0.031907