0 0.282707 0.095728 0.019972 0.038151
0 0.228923 0.212766 0.019463 0.037772
0 0.257305 0.095618 0.020489 0.038256
0 0.258565 0.211878 0.021005 0.032781
0 0.308471 0.095660 0.020292 0.038774
0 0.315848 0.212360 0.021482 0.038219
0 0.593373 0.096652 0.021942 0.041679
0 0.052181 0.211397 0.020688 0.038010
0 0.502914 0.097596 0.023703 0.043090
0 0.166024 0.026676 0.031095 0.026843
0 0.222452 0.026546 0.056341 0.028068
0 0.286787 0.212073 0.021128 0.035317
0 0.451574 0.097494 0.023356 0.042346
0 0.287613 0.026239 0.045265 0.027481
0 0.477205 0.097622 0.022638 0.042084
0 0.224647 0.095273 0.022406 0.040908
0 0.561357 0.097555 0.024187 0.043129
0 0.534973 0.098446 0.024544 0.043425
0 0.200930 0.213467 0.022179 0.037669
2 0.112602 0.092707 0.145494 0.042969
0 0.344603 0.212110 0.022759 0.040036
0 0.123415 0.027178 0.027323 0.028061
0 0.345239 0.026960 0.046169 0.027923
0 0.049608 0.025713 0.092911 0.031234
0 0.425753 0.097105 0.023773 0.043633
0 0.200781 0.094869 0.021470 0.041141
0 0.619767 0.096494 0.024030 0.041708
0 0.397219 0.027582 0.031434 0.028672
0 0.341328 0.098117 0.021968 0.042314
0 0.019555 0.096391 0.021928 0.040832
0 0.126971 0.210782 0.086527 0.036721
0 0.393463 0.096545 0.021690 0.043764
0 0.022855 0.210994 0.024081 0.040384
0 0.128778 0.338937 0.175310 0.029127
0 0.367254 0.097609 0.023244 0.044304
0 0.128129 0.369504 0.175741 0.027015
0 0.533054 0.315245 0.017993 0.033724
4 0.270220 0.999930 0.039317 0.000140
4 0.401532 0.999015 0.212354 0.001970
2 0.113222 0.303910 0.205622 0.039170