0 0.257379 0.095837 0.021082 0.038506
0 0.282566 0.096126 0.020227 0.038822
0 0.593347 0.096666 0.022127 0.041936
0 0.308618 0.096217 0.021026 0.039136
0 0.502538 0.098277 0.023801 0.042831
0 0.561356 0.097581 0.024448 0.043446
2 0.111665 0.093078 0.146189 0.044690
0 0.198349 0.027219 0.050506 0.028106
0 0.224908 0.095101 0.021310 0.040018
0 0.534951 0.098666 0.024794 0.043687
0 0.144027 0.027030 0.031201 0.027477
0 0.255138 0.026950 0.035347 0.026532
0 0.477177 0.098229 0.022797 0.041862
0 0.451618 0.097494 0.023325 0.042191
0 0.101255 0.026138 0.026926 0.027876
0 0.038408 0.025883 0.071792 0.032003
0 0.308182 0.026861 0.045750 0.027093
0 0.426093 0.096755 0.023842 0.043299
0 0.200819 0.095107 0.022553 0.040763
0 0.045454 0.816721 0.022247 0.037302
0 0.019608 0.096479 0.022236 0.041291
0 0.619771 0.096526 0.024342 0.042080
0 0.360088 0.027459 0.031564 0.028550
4 0.017907 0.628595 0.023995 0.040908
0 0.341457 0.097493 0.022592 0.043437
4 0.018359 0.550242 0.022853 0.040916
4 0.018446 0.667632 0.022814 0.041367
0 0.393182 0.096565 0.022456 0.044421
0 0.190950 0.816472 0.217802 0.040287
0 0.367018 0.097616 0.023464 0.044046
4 0.017876 0.589387 0.023435 0.040566
4 0.017908 0.511041 0.023859 0.041113
4 0.392305 0.511471 0.542823 0.043211
4 0.074550 0.628877 0.092126 0.042889
4 0.018476 0.432681 0.022743 0.040222
4 0.017806 0.471870 0.023679 0.040397
4 0.018023 0.394793 0.023361 0.039463
4 0.391244 0.395513 0.546499 0.039827
4 0.391293 0.628974 0.546400 0.043748
4 0.018129 0.706205 0.022925 0.039267
4 0.017915 0.354784 0.023189 0.042567
0 0.675088 0.316277 0.018308 0.033378
0 0.096258 0.209128 0.170781 0.049649
4 0.391244 0.350774 0.544946 0.040888
4 0.390855 0.433280 0.542618 0.036507
4 0.392020 0.471247 0.544946 0.033586
4 0.391632 0.550102 0.544170 0.039427
4 0.392796 0.588799 0.544946 0.035047
4 0.390855 0.667654 0.544170 0.035047
4 0.390467 0.706352 0.541841 0.033586
4 0.074523 0.669845 0.086943 0.036507
4 0.073746 0.708542 0.088496 0.040888
4 0.074134 0.585879 0.090824 0.035047
4 0.074523 0.547182 0.086943 0.036507
4 0.074911 0.507754 0.087719 0.039427
4 0.074134 0.469057 0.087719 0.037967
4 0.074134 0.428899 0.084614 0.036507
4 0.074523 0.354425 0.085390 0.036507
4 0.074134 0.390202 0.087719 0.037967