4 0.363989 0.920214 0.197621 0.039517
4 0.364407 0.801809 0.197979 0.039567
4 0.363721 0.683374 0.197579 0.040046
2 0.080042 0.157483 0.132834 0.041387
0 0.163032 0.024269 0.031313 0.031086
4 0.364491 0.723000 0.199083 0.041327
4 0.364426 0.961626 0.200206 0.045923
0 0.211844 0.023644 0.045925 0.030019
4 0.363744 0.566033 0.197998 0.038839
1 0.018535 0.918034 0.016386 0.031677
4 0.506153 0.644347 0.083530 0.040299
4 0.165116 0.722361 0.201046 0.041548
0 0.124348 0.023139 0.027905 0.032060
4 0.164832 0.958239 0.201180 0.040527
4 0.364540 0.762699 0.199710 0.040460
4 0.507030 0.919454 0.082238 0.039724
0 0.266801 0.023150 0.045244 0.032685
0 0.169293 0.159315 0.019836 0.035143
4 0.507474 0.683352 0.080846 0.038605
4 0.364202 0.448632 0.198203 0.038409
1 0.018510 0.800274 0.016319 0.031116
4 0.633359 0.526351 0.084458 0.040979
4 0.506607 0.801421 0.083156 0.039311
4 0.506009 0.880042 0.083438 0.040409
4 0.505938 0.604577 0.083456 0.041729
1 0.018477 0.682409 0.016438 0.031388
4 0.506984 0.565160 0.082295 0.038444
4 0.506108 0.526015 0.084008 0.039304
4 0.569588 0.919241 0.044838 0.040094
4 0.506130 0.762347 0.083440 0.040010
1 0.018501 0.840059 0.016110 0.030876
4 0.364219 0.526794 0.200476 0.039858
1 0.018463 0.605040 0.016231 0.030761
4 0.164426 0.800950 0.201146 0.041352
4 0.505503 0.408116 0.084036 0.039499
1 0.018407 0.370076 0.016090 0.031100
4 0.363829 0.604408 0.200580 0.038819
4 0.505761 0.486540 0.084353 0.040214
4 0.633064 0.485996 0.084034 0.040289
0 0.348119 0.158272 0.021062 0.035103
4 0.632124 0.800671 0.085649 0.039345
4 0.505884 0.448165 0.083743 0.039726
4 0.506220 0.722569 0.084250 0.041312
1 0.018433 0.446857 0.016423 0.031480
4 0.506303 0.960388 0.084232 0.043053
1 0.018436 0.564618 0.016395 0.031138
1 0.018500 0.487418 0.016077 0.030507
4 0.633769 0.565217 0.082233 0.039211
4 0.569563 0.683486 0.044922 0.039313
4 0.569645 0.565249 0.044586 0.038962
4 0.365052 0.291646 0.199765 0.040384
4 0.505872 0.840558 0.083589 0.041623
0 0.276359 0.157708 0.021536 0.035403
4 0.364365 0.840944 0.200224 0.039288
4 0.364100 0.486979 0.199462 0.039967
4 0.164110 0.564620 0.203522 0.039799
1 0.018502 0.722602 0.016119 0.031103
0 0.320421 0.024181 0.043878 0.031835
4 0.633812 0.643989 0.082320 0.040858
4 0.633188 0.761538 0.083753 0.040298
4 0.569815 0.879591 0.042989 0.040371
4 0.569503 0.801114 0.044729 0.039057
4 0.633824 0.683128 0.082344 0.039067
4 0.165207 0.683725 0.200352 0.040463
0 0.069074 0.023656 0.061314 0.034155
0 0.312355 0.158560 0.020497 0.034037
4 0.505970 0.329421 0.083713 0.040169
4 0.633058 0.722271 0.083818 0.040269
4 0.164889 0.840752 0.201274 0.039876
4 0.569398 0.447259 0.045247 0.038296
4 0.505682 0.368325 0.083533 0.040606
0 0.369272 0.024983 0.032414 0.034339
4 0.633153 0.408594 0.084291 0.040204
4 0.164982 0.605080 0.200758 0.039682
4 0.633840 0.919226 0.082375 0.040227
4 0.632606 0.603980 0.083770 0.040908
4 0.632807 0.879667 0.084332 0.039874
2 0.399301 0.158690 0.050745 0.033950
4 0.569827 0.526050 0.043699 0.040142
0 0.204710 0.159805 0.019957 0.034940
4 0.164904 0.762052 0.201300 0.041023
4 0.632708 0.368540 0.084439 0.039281
4 0.632740 0.839987 0.084198 0.041210
4 0.632963 0.328846 0.084473 0.039621
4 0.165448 0.919579 0.200835 0.040717
4 0.569661 0.762085 0.043703 0.039871
4 0.505932 0.290798 0.082454 0.039223
4 0.364482 0.371742 0.200158 0.037250
4 0.569765 0.604429 0.044081 0.040507
4 0.637569 0.447130 0.075032 0.038953
4 0.164313 0.644606 0.201246 0.040545
4 0.569710 0.486252 0.044253 0.039816
1 0.018798 0.956920 0.016295 0.030097
4 0.633358 0.956835 0.083631 0.038387
4 0.364070 0.329553 0.199372 0.038858
4 0.569713 0.722714 0.044105 0.040325
4 0.569571 0.644253 0.044923 0.039579
4 0.165135 0.880311 0.198868 0.040686
4 0.569776 0.840014 0.043831 0.039899
0 0.240749 0.158862 0.019694 0.034697
4 0.569472 0.956825 0.044768 0.037040
1 0.018251 0.328979 0.016444 0.031964
1 0.018563 0.879678 0.015874 0.030441
4 0.506691 0.987539 0.082340 0.024921
4 0.165271 0.986917 0.201342 0.026166
4 0.045960 0.918615 0.037698 0.038210
1 0.018584 0.762111 0.015741 0.029662
4 0.366369 0.644893 0.196806 0.040524
1 0.018597 0.408761 0.015975 0.030770
4 0.569525 0.368589 0.044036 0.039930
4 0.365050 0.987134 0.200029 0.025731
1 0.018603 0.526517 0.015925 0.030232
4 0.632992 0.986553 0.083361 0.026894
4 0.365627 0.879677 0.196806 0.040401
4 0.569475 0.408252 0.043611 0.039747
1 0.018598 0.644260 0.015897 0.030327
4 0.633298 0.290263 0.083788 0.039883
4 0.045999 0.957905 0.037163 0.036357
4 0.569748 0.987821 0.044504 0.024358
4 0.046033 0.682547 0.038503 0.036658
0 0.019984 0.021747 0.018959 0.030576
4 0.363807 0.409115 0.203290 0.040869
4 0.045801 0.879799 0.038518 0.039057
1 0.018480 0.291033 0.015973 0.030509
4 0.569704 0.329320 0.044688 0.038044
4 0.045908 0.643584 0.038213 0.037700
4 0.164408 0.525845 0.199743 0.040777
4 0.046126 0.604949 0.037965 0.036919
4 0.046048 0.722181 0.038708 0.038158
4 0.046156 0.840320 0.038215 0.037107
0 0.025825 0.084659 0.019038 0.037007
4 0.045662 0.762145 0.038820 0.038003
4 0.045708 0.800250 0.038154 0.037641
4 0.045912 0.564800 0.037710 0.037099
4 0.044897 0.329250 0.035955 0.035689
4 0.046058 0.526333 0.038225 0.037284
4 0.044958 0.291341 0.035698 0.037956
4 0.569131 0.291159 0.044943 0.037842
4 0.046034 0.988510 0.036750 0.022980
4 0.045012 0.487086 0.037768 0.036792
4 0.165160 0.486294 0.199231 0.041846
0 0.073588 0.290518 0.017519 0.035165
4 0.044919 0.446735 0.036367 0.037467
4 0.569864 1.000000 0.043238 0.000000
4 0.046259 0.407428 0.034862 0.031606
4 0.045253 0.366972 0.036873 0.044249
4 0.163918 0.330309 0.200456 0.036663
4 0.164924 0.366972 0.198445 0.036663
4 0.162242 0.406164 0.197104 0.044249
4 0.163918 0.447884 0.201797 0.034135