0 0.420397 0.159200 0.020301 0.036507
0 0.168875 0.023931 0.038838 0.030600
0 0.778391 0.159092 0.020829 0.034498
0 0.634773 0.158062 0.020360 0.035132
2 0.079902 0.157471 0.133418 0.041607
0 0.124025 0.023818 0.031450 0.030499
0 0.670668 0.158816 0.021526 0.037549
0 0.233986 0.023147 0.071446 0.031334
0 0.303520 0.024952 0.048154 0.033365
2 0.900752 0.159015 0.051973 0.033646
0 0.849365 0.159880 0.020929 0.035619
0 0.814534 0.159406 0.019808 0.033901
0 0.456039 0.158690 0.020548 0.036381
0 0.358945 0.023702 0.044998 0.032183
0 0.312428 0.159672 0.020686 0.031634
0 0.599558 0.158451 0.020065 0.033924
0 0.170557 0.158356 0.018551 0.031886
0 0.706817 0.159684 0.019215 0.037145
0 0.277147 0.158925 0.019042 0.031204
0 0.563657 0.158932 0.019960 0.035145
0 0.384518 0.158312 0.020928 0.035578
0 0.527893 0.158441 0.019575 0.035461
0 0.492044 0.157743 0.021277 0.036747
0 0.742051 0.158706 0.022569 0.037392
0 0.348749 0.158927 0.020904 0.034104
0 0.406982 0.024390 0.031481 0.033814
0 0.241290 0.158011 0.017704 0.034745
0 0.085155 0.023521 0.026805 0.034068
0 0.204575 0.158245 0.017756 0.034268
0 0.019923 0.022045 0.019261 0.031299
0 0.050612 0.023169 0.025438 0.034684
1 0.021646 0.588522 0.014745 0.027446
0 0.025818 0.084602 0.019080 0.037320
1 0.021313 0.551335 0.015365 0.028002
1 0.021112 0.706188 0.014238 0.025866
1 0.021038 0.669180 0.014125 0.027514
1 0.021522 0.630049 0.014029 0.028657