0 0.287640 0.935175 0.021553 0.035525
2 0.094410 0.077162 0.117435 0.032463
4 0.186125 0.434296 0.115672 0.032425
0 0.117350 0.935612 0.020096 0.034108
0 0.070489 0.934697 0.019858 0.034313
0 0.233781 0.935585 0.021447 0.037633
4 0.185979 0.467795 0.116087 0.031786
0 0.049945 0.935424 0.021090 0.035311
0 0.179596 0.935125 0.020878 0.036477
4 0.189243 0.333453 0.123517 0.032298
0 0.113274 0.269740 0.051503 0.029980
4 0.165198 0.366252 0.075920 0.031817
0 0.091523 0.934782 0.021194 0.034850
4 0.395589 0.367427 0.117829 0.033804
0 0.119908 0.181567 0.083012 0.026191
4 0.164877 0.399952 0.075980 0.032845
4 0.165484 0.601086 0.074843 0.031765
0 0.148141 0.935288 0.040964 0.036239
0 0.212610 0.935949 0.021920 0.037342
0 0.220448 0.077063 0.015017 0.027235
0 0.266705 0.935161 0.020410 0.035852
4 0.284688 0.466886 0.040873 0.032074
1 0.042936 0.828329 0.025305 0.031270
4 0.283629 0.535455 0.311060 0.033312
0 0.163431 0.269238 0.043917 0.031029
0 0.023124 0.936342 0.023446 0.038200
2 0.225240 0.859044 0.051957 0.031349
0 0.945049 0.014568 0.013194 0.025520
0 0.189254 0.181566 0.038408 0.024898
0 0.203522 0.269921 0.032569 0.030622
0 0.238594 0.077439 0.016498 0.028777
2 0.224972 0.827305 0.051686 0.032673
0 0.240256 0.269405 0.040992 0.030385
0 0.247215 0.181858 0.055977 0.025910
4 0.091567 0.796610 0.072552 0.033209
2 0.225185 0.764868 0.051976 0.032134
4 0.091456 0.859659 0.072010 0.031187
1 0.042855 0.859398 0.024845 0.030332
2 0.225065 0.795898 0.051921 0.033115
0 0.303230 0.180889 0.038114 0.027093
0 0.393761 0.076982 0.017298 0.027555
4 0.091712 0.765012 0.072032 0.032635
4 0.091612 0.828514 0.072862 0.031986
2 0.343661 0.500867 0.154446 0.033448
4 0.585834 0.234336 0.127241 0.033727
4 0.311078 0.796372 0.120021 0.033855
0 0.040607 0.181457 0.053208 0.026982
0 0.179537 0.075901 0.016306 0.027515
1 0.042997 0.796770 0.025729 0.030644
0 0.260390 0.077013 0.017556 0.028613
4 0.186219 0.500956 0.115513 0.032845
2 0.246775 0.234157 0.156715 0.033334
0 0.411636 0.076326 0.016779 0.027486
0 0.373195 0.181353 0.082940 0.026909
0 0.434115 0.075863 0.015332 0.026761
0 0.930695 0.015154 0.014825 0.026894
4 0.310868 0.828345 0.119162 0.032807
4 0.661054 0.797930 0.086787 0.033238
4 0.310223 0.859536 0.118870 0.030965
4 0.661107 0.858888 0.087178 0.029859
4 0.310204 0.764474 0.119868 0.032149
0 0.055174 0.269786 0.060761 0.029559
4 0.660912 0.765553 0.087313 0.033306
0 0.368311 0.077391 0.014472 0.026582
0 0.316731 0.076018 0.016049 0.026414
0 0.202947 0.076602 0.015989 0.027300
4 0.554705 0.765553 0.102212 0.032884
4 0.661120 0.829641 0.087111 0.031244
0 0.959129 0.014032 0.012781 0.024347
0 0.296254 0.076541 0.017656 0.027239
1 0.042867 0.765150 0.025160 0.031317
0 0.278058 0.076712 0.015396 0.027706
4 0.553663 0.797608 0.106569 0.031970
0 0.352326 0.077255 0.014415 0.026198
0 0.335102 0.076429 0.015977 0.026397
4 0.554720 0.828399 0.103703 0.033058
4 0.553168 0.858571 0.105356 0.031420
1 0.612132 0.858625 0.012020 0.024981
4 0.344983 0.332577 0.015671 0.034060
1 0.612641 0.827894 0.012351 0.027230
0 0.952676 0.982419 0.016698 0.023333
0 0.452086 0.075516 0.016174 0.026358
0 0.022674 0.076270 0.016815 0.028759
4 0.491771 0.765887 0.019311 0.032423
1 0.344981 0.468413 0.013210 0.024631
0 0.162792 0.076104 0.014627 0.027391
4 0.491713 0.797444 0.019010 0.031537
4 0.492089 0.858732 0.018469 0.029709
4 0.491853 0.828095 0.018657 0.032043
1 0.612166 0.797739 0.012048 0.025476
0 0.978156 0.982554 0.016129 0.024274
1 0.612260 0.766748 0.012355 0.028584
0 0.016545 0.025959 0.015702 0.024219
0 0.004284 0.075768 0.008568 0.028419