4 0.278439 0.351836 0.397285 0.286994
4 0.272351 0.662685 0.169207 0.037707
4 0.300030 0.799871 0.220564 0.036875
4 0.733660 0.797746 0.053119 0.037405
0 0.054770 0.090769 0.079552 0.031247
4 0.244853 0.617505 0.111265 0.036720
4 0.292705 0.571704 0.207476 0.035861
0 0.974930 0.972885 0.050139 0.037527
0 0.251366 0.753667 0.014561 0.035263
2 0.301668 0.091147 0.094703 0.031114
4 0.223134 0.754112 0.071378 0.038002
4 0.724378 0.661194 0.033347 0.039075
4 0.724577 0.707328 0.034146 0.038861
4 0.726541 0.571060 0.037257 0.034888
2 0.174502 0.091002 0.130762 0.033253
0 0.019865 0.972546 0.026019 0.039139
0 0.986758 0.091863 0.026073 0.035720
0 0.402374 0.799120 0.016215 0.032703
1 0.713720 0.753927 0.013038 0.031180
0 0.354650 0.661907 0.016166 0.034044
0 0.751604 0.798554 0.015747 0.035363
4 0.202297 0.707993 0.028579 0.037903
1 0.714578 0.615668 0.013135 0.028601
0 0.041623 0.025778 0.019797 0.039166
0 0.950474 0.026985 0.022135 0.040716
0 0.920295 0.025261 0.020246 0.040359
1 0.194141 0.844179 0.012579 0.026567
0 0.738057 0.570556 0.013421 0.033153
0 0.979381 0.027042 0.021353 0.041274