3 0.391055 0.511315 0.014351 0.030161
3 0.390457 0.551111 0.013155 0.027648
3 0.391055 0.591746 0.014351 0.030161
3 0.390855 0.629866 0.013155 0.027648
3 0.391055 0.670500 0.013553 0.030161
1 0.203101 0.734175 0.010763 0.025135
0 0.600295 0.327967 0.017278 0.044285
0 0.627054 0.330181 0.016856 0.034542
0 0.667931 0.370923 0.020228 0.041628
0 0.693847 0.366937 0.013906 0.033656
0 0.662031 0.502448 0.014328 0.040742
0 0.544880 0.751328 0.022756 0.042513
0 0.593974 0.750885 0.066161 0.045170
0 0.962916 0.632645 0.014328 0.038970
0 0.916561 0.025060 0.017699 0.038970
0 0.950906 0.026389 0.019806 0.045170
0 0.985040 0.027717 0.018121 0.042513
0 0.026549 0.026389 0.016013 0.041628
0 0.054362 0.100787 0.085124 0.043399
0 0.041509 0.249583 0.044248 0.043399
0 0.152339 0.250026 0.142014 0.042513
0 0.240202 0.683573 0.016013 0.039856
0 0.259376 0.858054 0.111673 0.039856
0 0.015171 0.969651 0.028656 0.041628
0 0.969659 0.968323 0.059840 0.040742
0 0.666667 0.711915 0.048883 0.043399
2 0.183839 0.099966 0.145386 0.048713
2 0.329488 0.103288 0.110093 0.050927
2 0.785925 0.683416 0.145386 0.037642
2 0.981616 0.100520 0.035293 0.043178
4 0.248894 0.371210 0.102718 0.152782
4 0.222556 0.683416 0.052149 0.042070
4 0.847819 0.632489 0.247050 0.042070
4 0.657132 0.504064 0.025811 0.037642
5 0.504479 0.541102 0.274773 0.484507