0 0.044599 0.101651 0.086389 0.041983
0 0.016856 0.023682 0.019666 0.029988
0 0.033010 0.249341 0.042141 0.049480
0 0.141874 0.247092 0.140469 0.047980
0 0.902866 0.024432 0.016154 0.037485
0 0.935173 0.025182 0.016154 0.035985
0 0.969237 0.024432 0.015452 0.034486
0 0.960458 0.977295 0.069532 0.038984
0 0.947113 0.635434 0.016154 0.038984
0 0.228614 0.687912 0.017559 0.041983
0 0.249684 0.865590 0.113078 0.037485
1 0.192004 0.739156 0.012115 0.023615
2 0.175762 0.099494 0.149951 0.044082
2 0.317109 0.095296 0.108161 0.046181
2 0.971731 0.101068 0.041790 0.038834
2 0.762537 0.688304 0.163225 0.041983
4 0.212635 0.687780 0.050639 0.040933
4 0.406096 0.372383 0.437561 0.151139
4 0.834071 0.637400 0.246313 0.038834