4 0.212083 0.244722 0.057297 0.039147
4 0.296104 0.540577 0.223341 0.044174
4 0.295263 0.289922 0.225032 0.043868
4 0.195406 0.198629 0.022814 0.037355
4 0.272449 0.587908 0.177987 0.042661
2 0.244043 0.152661 0.118819 0.039647
4 0.202523 0.427589 0.036854 0.040267
2 0.985645 0.094896 0.028303 0.037814
0 0.014373 0.978711 0.026377 0.036825
0 0.990702 0.978520 0.018596 0.037515
0 0.351157 0.586275 0.017059 0.035339
0 0.035886 0.027238 0.018833 0.039806
0 0.977582 0.027433 0.021569 0.043139
0 0.947385 0.027175 0.020763 0.040813
0 0.399062 0.289827 0.016554 0.035929
0 0.917467 0.027046 0.020396 0.039305
0 0.399209 0.540366 0.015531 0.036300