4 0.327103 0.477662 0.487479 0.315135
0 0.024288 0.962129 0.028589 0.034598
4 0.774353 0.753736 0.165442 0.041373
0 0.068350 0.867844 0.033678 0.039484
0 0.954797 0.961493 0.074116 0.039343
4 0.311280 0.705607 0.249434 0.038849
4 0.738964 0.893360 0.095557 0.040426
4 0.230852 0.799720 0.092596 0.038157
4 0.715725 0.847288 0.049094 0.039125
0 0.069207 0.093568 0.104599 0.033161
4 0.246752 0.753427 0.123482 0.039761
4 0.737673 0.799966 0.092977 0.039653
0 0.032555 0.867741 0.035589 0.039663
2 0.443205 0.093648 0.104476 0.032497
0 0.085984 0.280319 0.112227 0.044710
0 0.182736 0.093710 0.091923 0.037107
0 0.765453 0.276999 0.153788 0.041273
2 0.729050 0.093852 0.109394 0.033412
2 0.962540 0.095075 0.034542 0.036887
2 0.309432 0.093329 0.130655 0.035406
2 0.585359 0.093478 0.148202 0.035336
0 0.226328 0.277447 0.141212 0.040040
0 0.380962 0.277397 0.138989 0.040447
0 0.648259 0.277889 0.053242 0.043258
0 0.491683 0.277548 0.060527 0.042687
0 0.571154 0.277752 0.071303 0.042469
0 0.898552 0.278118 0.084762 0.043414
0 0.350383 0.893962 0.016534 0.031181
0 0.776817 0.893587 0.017841 0.037884
0 0.027381 0.921300 0.018356 0.031553
0 0.777535 0.801205 0.016698 0.034740
0 0.035747 0.025383 0.022414 0.038516
0 0.274920 0.867452 0.014986 0.029328
0 0.930478 0.026739 0.022293 0.040508
0 0.896721 0.025584 0.022828 0.039318
0 0.964287 0.025750 0.025040 0.040898
0 0.269486 0.799702 0.018482 0.034470
0 0.301342 0.866101 0.016620 0.028882
0 0.730394 0.847544 0.019017 0.036164