0 0.684756 0.653938 0.076180 0.031955
0 0.604985 0.654077 0.073641 0.028628
0 0.151805 0.453238 0.092318 0.016794
0 0.154611 0.297059 0.102577 0.018803
0 0.145259 0.341693 0.080304 0.016960
0 0.156281 0.496976 0.105687 0.017820
0 0.133753 0.275189 0.059254 0.015790
0 0.159551 0.319996 0.112604 0.017423
0 0.158850 0.475008 0.102021 0.017563
0 0.159548 0.253274 0.113893 0.019409
0 0.148982 0.364360 0.091949 0.019727
0 0.142802 0.229080 0.084087 0.020673
0 0.136760 0.387101 0.066026 0.015502
0 0.157536 0.430341 0.109476 0.018967
0 0.120992 0.408139 0.033303 0.015797
0 0.131280 0.171979 0.086135 0.019537
0 0.096793 0.252833 0.017148 0.019850
0 0.359934 0.349793 0.063458 0.029251
0 0.656020 0.501642 0.128993 0.030805
0 0.716634 0.080785 0.021038 0.026121
0 0.701647 0.051859 0.012050 0.016426
0 0.096182 0.275567 0.015183 0.018125
0 0.656040 0.199654 0.125523 0.026378