5 0.510764 0.575067 0.429466 0.846075
0 0.152169 0.777236 0.066321 0.049521
2 0.790703 0.884420 0.130041 0.052399
0 0.059063 0.777761 0.109235 0.052157
0 0.167315 0.193857 0.022517 0.046714
0 0.086300 0.193273 0.022693 0.047124
0 0.922104 0.251585 0.026090 0.048973
0 0.112811 0.193426 0.023309 0.046074
2 0.790200 0.712257 0.130057 0.052110
2 0.790412 0.770312 0.129924 0.051789
0 0.140449 0.194271 0.022446 0.046005
2 0.790445 0.827181 0.130021 0.053544
4 0.538376 0.793030 0.202996 0.048531
4 0.547499 0.331993 0.198534 0.045754
2 0.789532 0.942647 0.131787 0.052965
2 0.790384 0.655191 0.129791 0.053054
0 0.011310 0.193446 0.022100 0.046457
4 0.546445 0.388775 0.202355 0.047971
0 0.974215 0.122588 0.050845 0.039925
0 0.079014 0.121801 0.107317 0.038837
0 0.377360 0.122932 0.116683 0.037881
0 0.224068 0.123808 0.163719 0.041637
2 0.055438 0.193627 0.028381 0.046757
4 0.081581 0.577410 0.161210 0.050113
2 0.488222 0.121720 0.087581 0.036912
4 0.081298 0.623180 0.161321 0.048921
4 0.814703 0.251767 0.177026 0.054065
0 0.647825 0.970170 0.018215 0.035866
4 0.081468 0.352369 0.160907 0.051038
0 0.709855 0.176240 0.018937 0.044086
4 0.081131 0.487018 0.161715 0.051165
2 0.561423 0.121075 0.040791 0.036844
0 0.675903 0.971178 0.018669 0.036803
4 0.081200 0.398346 0.161581 0.049709
0 0.703596 0.971276 0.019452 0.044404
3 0.325794 0.562900 0.014250 0.032447
0 0.621124 0.970197 0.019210 0.038419
4 0.081031 0.532033 0.162062 0.050392
4 0.081487 0.442126 0.160873 0.048843
4 0.081289 0.667666 0.161161 0.049348
3 0.325645 0.620041 0.015220 0.031406
0 0.913076 0.041153 0.024583 0.050173
4 0.081669 0.311380 0.160257 0.042616
0 0.948660 0.041397 0.024368 0.049801
0 0.040611 0.039710 0.023161 0.049890
0 0.984456 0.040336 0.025180 0.050837
4 0.205375 0.532002 0.089338 0.050009
4 0.205457 0.486381 0.089098 0.049125
4 0.206490 0.310603 0.088496 0.046361
4 0.205015 0.356302 0.087906 0.042387
4 0.205310 0.399351 0.088496 0.043712
4 0.205310 0.439089 0.087316 0.041062
4 0.205900 0.580820 0.087316 0.046361
4 0.205310 0.624532 0.088496 0.049010
4 0.205310 0.669568 0.088496 0.046361
4 0.080236 0.913293 0.160472 0.043712
4 0.203835 0.911968 0.087906 0.041062
0 0.237758 0.193377 0.020059 0.026492