0 0.979830 0.084587 0.040339 0.030534
0 0.922526 0.085627 0.059504 0.033821
2 0.033265 0.083702 0.036016 0.031146
0 0.499449 0.192467 0.033616 0.039053
0 0.568855 0.193187 0.019863 0.042485
0 0.989309 0.021901 0.020377 0.039145
0 0.028419 0.021534 0.019164 0.035883
0 0.594310 0.193052 0.021477 0.044489
0 0.039398 0.190542 0.019519 0.033094
0 0.533327 0.192087 0.020865 0.040181
0 0.961861 0.190120 0.015570 0.035670
0 0.959051 0.022214 0.020582 0.038380
0 0.933408 0.189942 0.021037 0.039733
0 0.928139 0.021500 0.021874 0.035976
0 0.466215 0.192718 0.020106 0.035289
0 0.905688 0.190346 0.020826 0.040014
0 0.076872 0.193131 0.030747 0.034399
0 0.403500 0.192532 0.018399 0.035385