0 0.631757 0.624743 0.024061 0.038489
4 0.153132 0.669969 0.083922 0.039728
4 0.190778 0.173816 0.099682 0.037701
4 0.145226 0.445137 0.068556 0.036260
4 0.182883 0.851698 0.145615 0.040050
0 0.616997 0.895756 0.023775 0.038447
4 0.183762 0.896123 0.145720 0.039378
2 0.459880 0.624728 0.157887 0.039112
4 0.414943 0.670172 0.068900 0.038893
4 0.183244 0.806175 0.144080 0.039865
0 0.956842 0.092156 0.048257 0.032866
4 0.153109 0.624448 0.083538 0.038707
4 0.517050 0.218785 0.194056 0.040599
4 0.212525 0.444378 0.036985 0.037559
4 0.251357 0.220534 0.296224 0.037011
4 0.534281 0.399541 0.097971 0.039512
0 0.798190 0.092301 0.086796 0.032400
0 0.699751 0.092289 0.093924 0.030954
0 0.877107 0.976751 0.071218 0.036434
0 0.617122 0.805833 0.023813 0.040840
4 0.122151 0.174240 0.036408 0.036577
0 0.598331 0.092353 0.092391 0.032200
0 0.055692 0.091793 0.066995 0.030995
0 0.915717 0.092355 0.018931 0.031793
4 0.174939 0.399340 0.037656 0.037435
4 0.126157 0.398999 0.030319 0.039182
0 0.133059 0.091689 0.071331 0.029924
0 0.594651 0.399449 0.023016 0.039382
0 0.369200 0.092819 0.127899 0.033086
4 0.542004 0.445404 0.113443 0.039242
0 0.624755 0.173519 0.022823 0.038570
0 0.624919 0.217998 0.022692 0.037691
0 0.238785 0.091865 0.122156 0.032130
0 0.617023 0.851395 0.024136 0.038109
0 0.579630 0.173652 0.022188 0.038601
0 0.069669 0.311598 0.051913 0.034068
0 0.950578 0.976748 0.062687 0.032782
0 0.492241 0.092030 0.100700 0.031249
4 0.500777 0.489655 0.029161 0.037451
0 0.407174 0.218862 0.021394 0.034747
2 0.869611 0.092136 0.041528 0.032256
0 0.221464 0.309208 0.065183 0.032988
0 0.414504 0.309809 0.078178 0.033903
0 0.144489 0.309019 0.059945 0.033511
0 0.496889 0.309553 0.053087 0.036392
0 0.340775 0.310149 0.040546 0.035458
0 0.561161 0.310132 0.046404 0.039108
0 0.622640 0.310943 0.048849 0.036257
0 0.287752 0.308574 0.037862 0.037746
4 0.493426 0.535196 0.016789 0.037872
0 0.035466 0.027173 0.022558 0.040021
0 0.900242 0.027877 0.023613 0.041064
0 0.933457 0.027869 0.024484 0.041329
0 0.966383 0.029010 0.024697 0.041354
4 0.419366 0.172998 0.314463 0.030293