2 0.025127 0.100553 0.038063 0.034250
0 0.067029 0.190597 0.079887 0.041914
0 0.978954 0.971738 0.035283 0.040783
4 0.144849 0.492513 0.038642 0.038928
4 0.168051 0.442814 0.085349 0.037904
0 0.969462 0.101169 0.049731 0.040176
4 0.281492 0.340798 0.311605 0.042303
0 0.163428 0.189884 0.078042 0.042790
1 0.134963 0.592314 0.015403 0.030124
4 0.283911 0.391358 0.312595 0.039840
0 0.913199 0.028988 0.023482 0.044716
0 0.947681 0.029739 0.024063 0.045737
0 0.019518 0.028167 0.019774 0.042895
0 0.980433 0.029825 0.022809 0.046489