0 0.044455 0.332141 0.021984 0.044123
0 0.428005 0.326311 0.021964 0.040358
0 0.376118 0.326337 0.021606 0.040533
0 0.300884 0.325678 0.024306 0.043067
0 0.069938 0.331948 0.023730 0.045965
0 0.353528 0.325659 0.021619 0.040786
0 0.405191 0.326339 0.021081 0.040238
0 0.330576 0.325397 0.022631 0.042563
0 0.102107 0.332256 0.024859 0.046701
0 0.577065 0.326524 0.021292 0.038775
0 0.531827 0.326289 0.022690 0.040676
0 0.621687 0.326288 0.020663 0.040140
0 0.598432 0.326601 0.019390 0.038900
2 0.539952 0.631708 0.232679 0.046416
4 0.808312 0.630543 0.040225 0.044845
0 0.134444 0.332139 0.020431 0.044080
0 0.890925 0.975328 0.070038 0.041440
0 0.278865 0.428055 0.022400 0.042741
0 0.554520 0.326561 0.020623 0.039309
0 0.479701 0.326593 0.021208 0.040698
4 0.808440 0.580810 0.040217 0.043903
4 0.442672 0.579380 0.037984 0.045257
0 0.450715 0.326808 0.022460 0.040610
0 0.502739 0.325930 0.022545 0.041019
0 0.733227 0.427911 0.022522 0.042820
0 0.756470 0.428018 0.022625 0.043409
2 0.540919 0.733822 0.232317 0.045068
2 0.541021 0.887342 0.233286 0.048320
4 0.808308 0.530465 0.039788 0.044247
4 0.445729 0.833663 0.045416 0.043045
4 0.442524 0.530039 0.038119 0.042468
4 0.804622 0.733581 0.032642 0.045072
2 0.548775 0.429238 0.307180 0.041995
4 0.141063 0.489613 0.246602 0.042747
0 0.107697 0.099500 0.171970 0.038046
4 0.804459 0.783391 0.032637 0.044331
0 0.962897 0.976143 0.060169 0.037857
4 0.139250 0.568120 0.246946 0.042957
4 0.975823 0.783221 0.046183 0.043507
4 0.808127 0.885062 0.040005 0.046135
4 0.805276 0.681787 0.033536 0.043498
4 0.138969 0.727045 0.247195 0.043244
2 0.836075 0.098164 0.037945 0.033439
0 0.216687 0.097862 0.031062 0.031953
4 0.140499 0.648511 0.245654 0.043355
0 0.930029 0.099481 0.017836 0.035492
4 0.140608 0.449132 0.248638 0.043744
0 0.970156 0.099101 0.045476 0.036097
0 0.280810 0.097769 0.079893 0.033907
1 0.320648 0.226024 0.018702 0.035120
0 0.789555 0.327085 0.121798 0.045198
4 0.139768 0.608692 0.249590 0.043116
4 0.140543 0.807345 0.247539 0.043709
1 0.299830 0.226356 0.016337 0.032994
4 0.141422 0.767227 0.248576 0.041178
4 0.141613 0.528440 0.248427 0.041067
0 0.676048 0.098263 0.025649 0.032408
0 0.600851 0.481624 0.045465 0.038095
4 0.760108 0.267821 0.122624 0.043628
1 0.299748 0.266601 0.017558 0.035335
0 0.371142 0.098945 0.083968 0.033040
0 0.444639 0.098625 0.048184 0.034020
4 0.140380 0.687672 0.246613 0.043428
0 0.536914 0.099886 0.118188 0.035935
4 0.141049 0.846309 0.249581 0.041525
0 0.753860 0.099787 0.114106 0.036298
4 0.139606 0.885959 0.246993 0.043283
4 0.916272 0.733975 0.019457 0.044405
0 0.629248 0.098987 0.051133 0.033908
1 0.300096 0.148731 0.016929 0.032947
1 0.497240 0.530308 0.014868 0.030438
4 0.760279 0.226517 0.121526 0.042923
2 0.014904 0.332751 0.029663 0.044180
0 0.903872 0.099237 0.017498 0.035737
1 0.299755 0.187162 0.015936 0.032638
0 0.445862 0.480110 0.080941 0.035487
4 0.493039 0.269176 0.139775 0.044983
4 0.759854 0.186781 0.121621 0.043766
1 0.915005 0.530226 0.015704 0.030209
1 0.915220 0.630174 0.016587 0.034471
4 0.008645 0.687525 0.017251 0.041245
4 0.008645 0.608025 0.017247 0.041224
4 0.008627 0.766999 0.017216 0.041308
4 0.008637 0.846057 0.017241 0.041981
0 0.531482 0.480256 0.058932 0.035960
4 0.008537 0.726768 0.017074 0.039780
4 0.008529 0.567669 0.017058 0.039538
1 0.320575 0.186603 0.018739 0.034896
1 0.914721 0.581202 0.016558 0.031256
4 0.353040 0.266087 0.044386 0.040712
0 0.662526 0.480891 0.044289 0.037754
2 0.152854 0.332488 0.017671 0.042863
0 0.834618 0.480940 0.119889 0.038139
4 0.008614 0.528148 0.017228 0.040317
4 0.836527 0.266719 0.029458 0.041610
0 0.728642 0.481048 0.056902 0.033539
4 0.008611 0.648175 0.017222 0.040503
4 0.008596 0.807062 0.017192 0.040725
0 0.350138 0.479436 0.078964 0.035439
4 0.139931 0.925352 0.246811 0.042844
1 0.320830 0.266044 0.018494 0.036829
4 0.352975 0.225974 0.045621 0.040606
4 0.008595 0.885269 0.017159 0.042144
4 0.008429 0.488693 0.016858 0.040474
4 0.492128 0.226816 0.138971 0.042991
4 0.352820 0.186399 0.045330 0.038541
0 0.034851 0.027540 0.020218 0.040427
4 0.008506 0.926174 0.016991 0.043233
1 0.320444 0.148787 0.016895 0.032883
4 0.836502 0.187000 0.030162 0.039920
4 0.008590 0.448356 0.017179 0.042138
4 0.836359 0.226226 0.029877 0.041338
0 0.929481 0.479568 0.038285 0.036808
4 0.492287 0.187301 0.139289 0.042485
0 0.912723 0.026806 0.022824 0.042542
0 0.945410 0.026648 0.023048 0.044091
0 0.265828 0.537639 0.008252 0.025966
0 0.978188 0.026174 0.024799 0.046806
4 0.759780 0.145959 0.121768 0.042103
4 0.835981 0.148067 0.029877 0.036514
4 0.352711 0.150291 0.043231 0.029137
4 0.491812 0.151910 0.138338 0.025900
4 0.860185 0.149470 0.017775 0.037715
4 0.860563 0.189191 0.017018 0.038518
4 0.860185 0.228912 0.018531 0.039320
4 0.860185 0.268232 0.018531 0.039320
4 0.908781 0.148266 0.079419 0.038518
4 0.909349 0.188389 0.078285 0.041727
4 0.909727 0.228511 0.079041 0.040122
4 0.909160 0.267831 0.079419 0.040122
4 0.972884 0.147464 0.048786 0.040122
4 0.973262 0.188389 0.048786 0.040122
4 0.973073 0.228511 0.047651 0.038518
4 0.973262 0.267430 0.048030 0.037715
4 0.477286 0.833421 0.015339 0.037555