0 0.035234 0.028888 0.022943 0.043370
0 0.069035 0.093154 0.103655 0.037850
0 0.181703 0.096702 0.092183 0.037061
0 0.897861 0.027705 0.021714 0.037850
0 0.928999 0.028099 0.024992 0.041793
0 0.964233 0.028493 0.020075 0.039427
0 0.086652 0.283980 0.111029 0.037850
0 0.227180 0.284374 0.135611 0.038638
0 0.377745 0.283192 0.139299 0.041004
0 0.491232 0.282009 0.053261 0.038638
0 0.572558 0.283586 0.070878 0.040216
0 0.647943 0.281615 0.051213 0.037850
0 0.765118 0.282403 0.156916 0.044158
0 0.900524 0.284374 0.086857 0.044947
0 0.229433 0.396347 0.018027 0.037061
0 0.259136 0.442477 0.017617 0.033119
0 0.264462 0.489789 0.016798 0.036273
0 0.216323 0.654200 0.015569 0.037061
0 0.250737 0.699935 0.016388 0.035484
0 0.260775 0.747247 0.017617 0.035484
0 0.814487 0.652622 0.018027 0.038638
0 0.877171 0.652622 0.018027 0.037061
0 0.884751 0.700329 0.017617 0.033119
0 0.814487 0.748036 0.017207 0.037061
0 0.955834 0.963701 0.070469 0.036273
0 0.033391 0.869865 0.035644 0.036273
0 0.068420 0.868682 0.032776 0.037061
0 0.023148 0.963307 0.028269 0.035484
0 0.273476 0.867894 0.018437 0.037061
0 0.301131 0.868682 0.014749 0.033907
2 0.308997 0.092640 0.128319 0.036904
2 0.442044 0.095711 0.106715 0.030892
2 0.583680 0.094459 0.146191 0.038407
2 0.730739 0.095711 0.108884 0.034232
0 0.742452 0.396284 0.018653 0.035902
0 0.743536 0.443040 0.016484 0.032562
4 0.212129 0.395866 0.052056 0.036737
4 0.226878 0.442622 0.080687 0.035067
4 0.229915 0.491048 0.087628 0.038407
4 0.188487 0.604597 0.042079 0.036737
4 0.196295 0.653858 0.057696 0.036737
4 0.212780 0.700614 0.091532 0.033397
4 0.219070 0.746535 0.103245 0.036737
4 0.740717 0.605015 0.042079 0.035902
4 0.771517 0.653440 0.103679 0.035902
4 0.806221 0.699361 0.173087 0.034232
4 0.771300 0.748204 0.102377 0.036737
4 0.857409 0.653440 0.058563 0.035902
4 0.722497 0.396284 0.059431 0.035902
4 0.722931 0.443457 0.058563 0.033397