0 0.064265 0.350520 0.055836 0.038211
0 0.136694 0.349974 0.062684 0.037119
0 0.194111 0.350520 0.031079 0.036027
0 0.250737 0.351066 0.055836 0.034936
0 0.321323 0.347245 0.055836 0.042578
0 0.279709 0.971719 0.067425 0.029477
0 0.919722 0.020815 0.016856 0.033844
0 0.950011 0.021361 0.017383 0.032752
0 0.979772 0.020815 0.017910 0.036027
0 0.934471 0.085774 0.018963 0.039303
0 0.973188 0.085228 0.043721 0.033844
0 0.031342 0.021361 0.015276 0.028385
0 0.078224 0.087411 0.121681 0.038211
0 0.399020 0.166562 0.019490 0.037119
0 0.346871 0.166016 0.014223 0.036027
0 0.295512 0.257722 0.114834 0.038211
0 0.480668 0.166016 0.020544 0.038211
0 0.439581 0.166562 0.018437 0.034936
0 0.419564 0.167108 0.019490 0.036027
0 0.459861 0.166562 0.018963 0.037119
4 0.172250 0.212961 0.088496 0.036027
4 0.171724 0.258814 0.089549 0.036027
4 0.233354 0.167108 0.209650 0.031660
2 0.179362 0.087957 0.075327 0.034936
2 0.243099 0.087411 0.043721 0.031660