4 0.529544 0.401320 0.075733 0.037314
0 0.082051 0.653430 0.020805 0.038596
0 0.027688 0.649346 0.022131 0.039290
0 0.255428 0.653724 0.021575 0.039132
0 0.052491 0.652500 0.021373 0.037866
0 0.284524 0.653775 0.021690 0.038621
0 0.128114 0.653638 0.020480 0.037168
0 0.179417 0.087242 0.027347 0.026357
0 0.151369 0.653971 0.020628 0.037321
0 0.173324 0.654134 0.018015 0.036797
2 0.630316 0.086900 0.035563 0.028905
0 0.634686 0.737950 0.056244 0.030550
0 0.237939 0.087229 0.073142 0.029431
0 0.104805 0.653606 0.020253 0.037396
0 0.217479 0.654298 0.017544 0.036858
0 0.027533 0.208829 0.020491 0.035967
0 0.971833 0.087733 0.040823 0.028701
2 0.114808 0.163699 0.145412 0.041403
2 0.567703 0.087275 0.075096 0.029740
0 0.088987 0.088559 0.141515 0.031725
0 0.563024 0.737639 0.072515 0.033273
3 0.355559 0.532449 0.013298 0.027574
0 0.935363 0.086478 0.014849 0.029259
0 0.471994 0.088730 0.102999 0.030449
5 0.503592 0.533666 0.334998 0.466590
2 0.277219 0.428240 0.112046 0.041365
0 0.333640 0.088506 0.104317 0.029918
2 0.234067 0.654301 0.017191 0.036941
3 0.355432 0.577264 0.012844 0.026849
0 0.657734 0.327694 0.016260 0.030748
3 0.355110 0.489210 0.014024 0.027682
0 0.402262 0.087897 0.022732 0.027842
2 0.190393 0.654069 0.016968 0.036947
0 0.313857 0.653975 0.030270 0.037837
0 0.030456 0.025137 0.019590 0.036872
0 0.920230 0.023939 0.019802 0.037497
4 0.225140 0.164121 0.076031 0.039602
0 0.052229 0.209120 0.027352 0.037651
0 0.950220 0.024823 0.021712 0.038924
0 0.979493 0.025622 0.020909 0.038303
0 0.027792 0.163190 0.021922 0.042047