3 0.013116 0.853276 0.012570 0.024522
0 0.382972 0.175071 0.021385 0.036383
0 0.404221 0.175248 0.019744 0.035757
0 0.446341 0.175167 0.020499 0.035192
0 0.103207 0.093600 0.080595 0.031330
0 0.467350 0.175079 0.020623 0.035909
4 0.489072 0.673203 0.078397 0.034485
0 0.312483 0.311007 0.133288 0.037951
4 0.215404 0.175033 0.135894 0.035790
2 0.228293 0.581773 0.146185 0.034320
4 0.193585 0.672586 0.077168 0.034477
4 0.193242 0.628160 0.076871 0.034543
4 0.192957 0.266790 0.088907 0.033874
0 0.902897 0.976950 0.067355 0.035367
4 0.463840 0.807768 0.027015 0.035775
0 0.424942 0.175221 0.019666 0.034739
0 0.028347 0.094119 0.054303 0.032754
0 0.194799 0.094803 0.089138 0.033436
0 0.048065 0.402583 0.054788 0.034761
2 0.348623 0.094150 0.035627 0.029907
2 0.284083 0.094645 0.076778 0.032000
4 0.186750 0.311286 0.076921 0.033046
0 0.970715 0.975965 0.057781 0.033407
4 0.162381 0.220812 0.027321 0.034888
4 0.463781 0.854789 0.027591 0.035657
0 0.975439 0.093939 0.046810 0.037597
3 0.013021 0.898405 0.012402 0.024268
4 0.463777 0.899168 0.028118 0.035406
0 0.174810 0.401527 0.039166 0.036013
4 0.299481 0.492254 0.286007 0.030784
0 0.488996 0.490740 0.020901 0.038106
0 0.115779 0.400935 0.049415 0.037059
1 0.458502 0.627630 0.013379 0.024984
0 0.224668 0.401210 0.031168 0.034556
3 0.013176 0.808729 0.012458 0.024981
0 0.448151 0.534002 0.017018 0.037025
4 0.312091 0.532321 0.315233 0.045251
0 0.924410 0.029617 0.022923 0.039469
0 0.014223 0.029681 0.019523 0.036994
0 0.954660 0.030696 0.020996 0.039979
0 0.986643 0.030801 0.022407 0.040916