3 0.020422 0.533994 0.015884 0.031115
3 0.019855 0.569142 0.015884 0.034572
3 0.020138 0.604866 0.017586 0.034572
3 0.020138 0.640590 0.016451 0.034572
3 0.019571 0.676315 0.016451 0.036877
0 0.025244 0.025210 0.018720 0.041486
0 0.028080 0.090321 0.027797 0.038029
0 0.083957 0.090321 0.066939 0.038029
0 0.157136 0.090321 0.069208 0.035724
0 0.928353 0.028091 0.019855 0.033420
0 0.959269 0.028091 0.021557 0.033420
0 0.988201 0.026939 0.017018 0.035724
0 0.978216 0.090321 0.043567 0.035724
0 0.922113 0.441802 0.018720 0.038029
0 0.080270 0.264909 0.095870 0.034572
0 0.180678 0.265485 0.081121 0.033420
0 0.328738 0.264333 0.195711 0.035724
0 0.534661 0.267214 0.187769 0.034572
0 0.321364 0.308124 0.020989 0.035724
0 0.905945 0.975362 0.064670 0.035724
0 0.973111 0.975938 0.053778 0.032267
0 0.022408 0.760440 0.018720 0.036877
0 0.042546 0.762168 0.020422 0.035724
0 0.062968 0.759864 0.019287 0.033420
0 0.091332 0.760440 0.019287 0.034572
0 0.112321 0.761592 0.021557 0.034572
0 0.139834 0.761592 0.019855 0.032267
0 0.161391 0.761592 0.020989 0.034572
0 0.189471 0.761592 0.018153 0.034572
4 0.216417 0.309852 0.160540 0.032267
4 0.216701 0.355372 0.158838 0.033420
4 0.315407 0.354220 0.035171 0.035724
4 0.182948 0.173869 0.087928 0.036877
4 0.356535 0.173293 0.255843 0.035724
2 0.239108 0.090897 0.074314 0.034572
2 0.304629 0.092625 0.039710 0.033420