4 0.242078 0.624381 0.224412 0.039094
4 0.408763 0.760266 0.077147 0.037617
4 0.463912 0.623784 0.213826 0.040177
4 0.484384 0.395659 0.091915 0.038108
4 0.109673 0.395537 0.028638 0.037458
4 0.394995 0.805603 0.049328 0.038875
4 0.491404 0.441501 0.104446 0.040335
4 0.453061 0.486735 0.029080 0.042051
4 0.169697 0.166233 0.089412 0.038041
0 0.896407 0.976100 0.064477 0.037354
0 0.057711 0.305745 0.048318 0.032906
2 0.818424 0.084570 0.034861 0.031272
4 0.374178 0.167541 0.283784 0.039151
0 0.031948 0.085414 0.035589 0.030525
0 0.567068 0.166875 0.021736 0.039905
0 0.969547 0.085352 0.043064 0.032757
0 0.567153 0.212571 0.021227 0.038752
0 0.962716 0.974547 0.057466 0.032454
0 0.539419 0.394522 0.020498 0.039340
4 0.195374 0.851376 0.132251 0.040674
4 0.464669 0.668265 0.212083 0.039902
4 0.188894 0.440320 0.034913 0.042246
0 0.105606 0.084782 0.096434 0.031159
0 0.751459 0.084569 0.083622 0.032401
4 0.244243 0.669657 0.227064 0.040183
4 0.223643 0.213569 0.267764 0.040598
4 0.154755 0.395762 0.033210 0.036415
4 0.126596 0.441172 0.063039 0.039768
4 0.106424 0.166988 0.033597 0.037739
0 0.643516 0.085260 0.115048 0.032357
0 0.239794 0.084728 0.158195 0.033208
0 0.125925 0.301462 0.053199 0.035116
0 0.427558 0.084631 0.064402 0.030662
0 0.357749 0.085224 0.059982 0.030543
4 0.466884 0.213394 0.178100 0.040952
0 0.524149 0.084689 0.108397 0.033299
0 0.449583 0.301563 0.047875 0.039362
0 0.367027 0.213007 0.020322 0.037052
0 0.197648 0.301643 0.060458 0.036130
0 0.525418 0.167717 0.021918 0.039713
0 0.258185 0.301453 0.031584 0.035714
0 0.306177 0.302270 0.035482 0.037190
0 0.508009 0.301500 0.040536 0.039996
0 0.374528 0.302746 0.071740 0.036119
0 0.565448 0.303097 0.043146 0.037960
0 0.931598 0.086151 0.017941 0.032589
0 0.027303 0.021498 0.019010 0.036591
0 0.917645 0.021079 0.020017 0.037505
0 0.948261 0.021443 0.020770 0.039381
0 0.977288 0.022114 0.021209 0.039680