4 0.325813 0.477943 0.485464 0.300319
4 0.214593 0.848167 0.059316 0.040830
4 0.772515 0.754209 0.165533 0.041139
4 0.714262 0.848232 0.049236 0.040634
4 0.243915 0.895729 0.120241 0.041369
4 0.230541 0.801482 0.093319 0.040079
4 0.246045 0.754093 0.123585 0.039814
4 0.310983 0.706008 0.249452 0.041720
4 0.736452 0.801193 0.093679 0.040649
4 0.737604 0.895100 0.096540 0.040237
0 0.069124 0.093528 0.104399 0.032558
0 0.953684 0.963121 0.074297 0.038884
0 0.182626 0.093007 0.090894 0.033361
0 0.023785 0.963061 0.029247 0.038302
4 0.331554 0.895371 0.053918 0.039444
0 0.085684 0.280763 0.111547 0.044281
2 0.442520 0.093632 0.104240 0.032662
2 0.309255 0.093348 0.130701 0.035463
2 0.728163 0.093647 0.109209 0.032625
0 0.764408 0.277817 0.154118 0.041720
2 0.584524 0.093354 0.148444 0.035100
0 0.379382 0.278073 0.136532 0.040666
0 0.225823 0.278001 0.140480 0.040412
2 0.961283 0.095238 0.033933 0.036784
0 0.570295 0.278389 0.070674 0.041302
0 0.491009 0.278336 0.060375 0.042106
0 0.646869 0.278207 0.053224 0.042464
0 0.897546 0.278621 0.084016 0.042769
0 0.775590 0.895245 0.018267 0.037110
0 0.775465 0.801693 0.017604 0.035168
0 0.035655 0.025408 0.022360 0.038630
0 0.349223 0.895031 0.017375 0.037737
0 0.895059 0.025288 0.022865 0.038798
0 0.928547 0.026961 0.023190 0.040830
0 0.963062 0.025816 0.025408 0.041446
0 0.729329 0.848224 0.019647 0.038290
0 0.268586 0.801323 0.019346 0.035941
0 0.235286 0.844848 0.016856 0.042126