4 0.327912 0.476403 0.485892 0.317559
4 0.774859 0.752646 0.165415 0.041100
4 0.245047 0.892943 0.119689 0.041936
4 0.247537 0.752392 0.123637 0.040020
4 0.739205 0.892511 0.095505 0.041485
4 0.215762 0.845402 0.058785 0.039468
4 0.232861 0.798429 0.094944 0.039685
4 0.716034 0.845737 0.048738 0.039179
4 0.312988 0.704527 0.249582 0.041341
0 0.070836 0.093314 0.104110 0.032341
4 0.737723 0.798481 0.092401 0.040130
4 0.333109 0.892518 0.053851 0.041994
0 0.184227 0.092696 0.091040 0.033104
0 0.955152 0.961025 0.074284 0.039117
2 0.729568 0.093181 0.109571 0.032691
2 0.444115 0.093225 0.103709 0.031781
0 0.086902 0.279696 0.111909 0.043257
2 0.310807 0.092496 0.131379 0.034530
0 0.765739 0.277025 0.154065 0.041986
2 0.962697 0.095057 0.034377 0.036926
2 0.585799 0.093007 0.147940 0.034687
0 0.381552 0.277463 0.138809 0.040722
0 0.227664 0.277302 0.141179 0.039487
0 0.492840 0.277270 0.060937 0.043046
0 0.572447 0.277244 0.072067 0.043188
0 0.898863 0.278631 0.083775 0.044243
0 0.648590 0.277848 0.054129 0.042790
0 0.024936 0.960310 0.030402 0.040039
0 0.350715 0.892534 0.017621 0.038057
0 0.777257 0.892881 0.017475 0.038083
0 0.777657 0.799026 0.016798 0.034951
0 0.037534 0.025197 0.022231 0.038351
0 0.930561 0.026684 0.022278 0.040412
0 0.896863 0.025658 0.022853 0.039290
0 0.964338 0.025702 0.024937 0.040854
0 0.729668 0.845942 0.020745 0.036924