2 0.436700 0.362433 0.128090 0.044616
0 0.130172 0.179499 0.022596 0.044562
0 0.065523 0.100286 0.087667 0.040776
4 0.758391 0.411409 0.084513 0.041737
4 0.428250 0.158416 0.084242 0.042906
4 0.435731 0.412414 0.129740 0.044849
0 0.080819 0.179694 0.020366 0.044067
4 0.525670 0.513685 0.084364 0.043361
0 0.420567 0.919423 0.021590 0.040387
4 0.470049 0.461449 0.195559 0.045842
0 0.375135 0.919191 0.022332 0.040192
0 0.008943 0.179505 0.017886 0.044017
1 0.360057 0.806148 0.014692 0.029373
4 0.767229 0.461919 0.102640 0.046020
4 0.412933 0.513852 0.084261 0.042908
0 0.032471 0.179514 0.020100 0.043268
0 0.397797 0.919545 0.021956 0.039843
0 0.525745 0.158589 0.023045 0.042098
4 0.766029 0.513918 0.099837 0.043805
0 0.327749 0.098078 0.098515 0.031967
0 0.553871 0.098816 0.110348 0.032060
4 0.491332 0.158782 0.044733 0.043376
4 0.541600 0.208983 0.308164 0.045784
2 0.754066 0.099441 0.083233 0.034013
0 0.895933 0.976709 0.071984 0.037988
0 0.247513 0.918852 0.021576 0.039856
0 0.192768 0.099120 0.154780 0.035494
0 0.287855 0.313311 0.057220 0.037307
0 0.439729 0.098824 0.107635 0.032075
1 0.360060 0.846035 0.014967 0.031529
0 0.974383 0.099310 0.049365 0.037164
0 0.660718 0.100037 0.088090 0.031913
2 0.822377 0.099438 0.038764 0.030932
0 0.292701 0.918482 0.021526 0.039967
0 0.270468 0.919234 0.021733 0.039265
1 0.254154 0.805093 0.017115 0.032900
1 0.359885 0.766718 0.015288 0.029653
0 0.969038 0.977909 0.061154 0.034747
0 0.366617 0.313167 0.066141 0.037988
2 0.099623 0.179589 0.019049 0.043356
0 0.429548 0.311649 0.025315 0.037071
1 0.254022 0.766327 0.017753 0.033669
0 0.480679 0.312227 0.045744 0.035470
2 0.050258 0.179019 0.017479 0.042529
2 0.112145 0.296409 0.224290 0.034876
1 0.253893 0.845031 0.017045 0.032382
0 0.110757 0.335644 0.220538 0.034738
0 0.035337 0.027893 0.019667 0.039676
0 0.539126 0.313443 0.039600 0.037151
0 0.109000 0.374077 0.217700 0.037678
4 0.934859 0.918851 0.045163 0.043047
0 0.919216 0.027372 0.022181 0.042081
0 0.952235 0.029264 0.022929 0.043254
0 0.985878 0.028574 0.023618 0.043420
0 0.933572 0.919205 0.043436 0.041513