0 0.082893 0.333773 0.022455 0.047420
0 0.613886 0.141832 0.024237 0.048557
0 0.107496 0.334249 0.019716 0.047117
4 0.388886 0.494142 0.049506 0.055097
0 0.674996 0.140154 0.022003 0.048466
4 0.420035 0.432612 0.111873 0.059523
0 0.057651 0.333875 0.021692 0.048224
0 0.830174 0.431560 0.040917 0.063187
0 0.329540 0.144361 0.021756 0.050581
4 0.389039 0.555469 0.050235 0.058272
0 0.355798 0.143871 0.023603 0.052592
4 0.673485 0.433030 0.112217 0.062242
0 0.830422 0.496088 0.040617 0.060832
0 0.587623 0.141761 0.024571 0.050119
0 0.648849 0.140410 0.023045 0.049388
0 0.267126 0.142382 0.022868 0.051858
2 0.141370 0.144329 0.172093 0.058006
0 0.302978 0.143880 0.023963 0.051111
0 0.501202 0.139858 0.024767 0.050370
0 0.182299 0.334754 0.109328 0.047523
4 0.379557 0.618056 0.029590 0.056451
4 0.642812 0.494524 0.051009 0.059732
0 0.473669 0.139609 0.027097 0.052043
0 0.553570 0.140141 0.024510 0.052486
0 0.425005 0.334475 0.087555 0.045171
0 0.031895 0.332812 0.023037 0.050817
0 0.302972 0.334918 0.117605 0.047751
0 0.240889 0.142581 0.021412 0.048090
0 0.415176 0.141096 0.022146 0.053665
0 0.442306 0.140518 0.025631 0.054760
0 0.528386 0.139930 0.022542 0.051150
0 0.389017 0.141388 0.025541 0.056540
1 0.027524 0.680107 0.016525 0.038714
0 0.022527 0.051071 0.019944 0.039536
0 0.032894 0.143054 0.023421 0.053390