0 0.274430 0.095669 0.022196 0.033507
0 0.298083 0.095617 0.020639 0.033899
0 0.331607 0.530091 0.030360 0.035738
0 0.086591 0.530511 0.022038 0.033022
4 0.224359 0.325630 0.099456 0.037474
0 0.530640 0.093307 0.022950 0.034255
0 0.555310 0.092496 0.022293 0.034209
0 0.406419 0.530689 0.022544 0.034174
2 0.125999 0.095247 0.158646 0.039585
4 0.526685 0.366827 0.100591 0.040063
0 0.061763 0.530031 0.022963 0.033217
0 0.168690 0.221314 0.117567 0.033453
0 0.076130 0.220402 0.020126 0.031366
0 0.271324 0.529664 0.023077 0.033739
4 0.224664 0.367071 0.098423 0.040333
0 0.110841 0.531017 0.022416 0.033457
0 0.235880 0.530479 0.032527 0.034384
0 0.307318 0.221023 0.131633 0.033650
0 0.053456 0.220602 0.019080 0.032843
0 0.299759 0.530035 0.031436 0.035387
4 0.764625 0.324648 0.045268 0.037101
0 0.370157 0.530460 0.033633 0.036127
0 0.241909 0.094677 0.022661 0.035000
0 0.351668 0.093702 0.023160 0.037388
0 0.163575 0.530748 0.028738 0.034200
0 0.321767 0.095226 0.022056 0.034939
0 0.136171 0.531172 0.023636 0.033064
4 0.498920 0.324799 0.046230 0.038356
0 0.587065 0.093051 0.022377 0.034495
0 0.198133 0.530556 0.021498 0.033717
0 0.455067 0.221277 0.138299 0.034386
0 0.400275 0.093485 0.023576 0.037404
0 0.097972 0.220310 0.018207 0.031232
0 0.610757 0.092876 0.020370 0.033488
0 0.030196 0.094586 0.021130 0.033219
0 0.218624 0.094250 0.020323 0.034228
4 0.556229 0.408458 0.152357 0.039678
0 0.030202 0.530166 0.022567 0.034303
4 0.765597 0.449042 0.045649 0.036223
0 0.375674 0.093573 0.019800 0.037334
0 0.428574 0.092676 0.023852 0.036716
0 0.476597 0.092885 0.019645 0.036158
0 0.029711 0.219345 0.022389 0.036690
4 0.755294 0.366693 0.025696 0.037716
0 0.499525 0.093510 0.024020 0.036190
0 0.453248 0.092562 0.022169 0.036027
4 0.201523 0.448445 0.055181 0.037740
1 0.486506 0.448329 0.016218 0.028323
0 0.021843 0.033052 0.019422 0.027701
0 0.208438 0.530519 0.023705 0.033990
4 0.250737 0.407232 0.154572 0.035295