5 0.503633 0.500834 0.617886 0.963403
0 0.670476 0.943782 0.048826 0.037184
0 0.791403 0.235917 0.021212 0.039549
0 0.791939 0.152768 0.020436 0.036971
0 0.726315 0.943142 0.046391 0.033684
0 0.960792 0.219135 0.043167 0.039707
2 0.349424 0.154682 0.287342 0.041194
0 0.781096 0.941242 0.039236 0.031919
1 0.025593 0.359477 0.015678 0.032129
0 0.145935 0.219089 0.018816 0.036639
4 0.648417 0.155099 0.266563 0.040043
1 0.026035 0.405336 0.017446 0.032508
0 0.883603 0.216087 0.094994 0.040076
2 0.055996 0.097040 0.088751 0.037315
0 0.943069 0.087534 0.096676 0.032559
2 0.349386 0.237540 0.282674 0.039082
0 0.779578 0.426022 0.019284 0.037506
4 0.647981 0.237994 0.262833 0.037641
0 0.013550 0.962099 0.027100 0.039679
4 0.074477 0.219638 0.122206 0.040681
0 0.976563 0.309779 0.020200 0.026274
0 0.947918 0.307758 0.015604 0.029878
0 0.027594 0.025047 0.018282 0.035769
0 0.919743 0.023950 0.019868 0.036391
0 0.950249 0.024942 0.021733 0.038407
0 0.980221 0.026398 0.020010 0.039332
1 0.026063 0.453449 0.018196 0.037196
4 0.180962 0.220891 0.024960 0.036167