2 0.439274 0.363342 0.126731 0.039501
4 0.544912 0.212503 0.307959 0.045180
4 0.431642 0.162926 0.083083 0.042862
4 0.764952 0.414290 0.083701 0.038210
4 0.438568 0.415045 0.129695 0.039721
0 0.132129 0.182168 0.018437 0.039568
0 0.378143 0.914834 0.021424 0.039271
0 0.424453 0.915371 0.021808 0.038922
4 0.473691 0.462497 0.197499 0.037888
0 0.295486 0.915241 0.023044 0.038725
0 0.066644 0.102651 0.086726 0.032547
4 0.770657 0.465266 0.098182 0.041814
0 0.009642 0.182645 0.019283 0.043073
0 0.272705 0.915619 0.021250 0.037771
0 0.194162 0.103259 0.153031 0.035309
4 0.415784 0.515304 0.082886 0.038705
0 0.530012 0.162243 0.023385 0.042696
4 0.530577 0.514561 0.083821 0.038831
0 0.400918 0.915432 0.022150 0.038277
0 0.557916 0.102981 0.110683 0.032869
0 0.330735 0.102424 0.100901 0.032004
0 0.250103 0.915629 0.021267 0.037794
4 0.770572 0.513874 0.098352 0.040681
0 0.978767 0.104371 0.042466 0.040478
2 0.732284 0.102880 0.038231 0.031470
0 0.289566 0.315397 0.057391 0.036012
2 0.663484 0.103249 0.083263 0.033560
1 0.256203 0.802506 0.016379 0.033473
0 0.442656 0.103170 0.106793 0.033291
4 0.495378 0.162714 0.047790 0.043511
1 0.363663 0.803341 0.013508 0.030937
1 0.256325 0.762938 0.016275 0.032956
2 0.101340 0.183263 0.018315 0.044699
1 0.363343 0.841950 0.014146 0.032187
1 0.363538 0.764227 0.014444 0.030556
0 0.369475 0.315122 0.066196 0.037047
0 0.432527 0.313450 0.026634 0.037762
1 0.256049 0.842437 0.016379 0.033351
0 0.484579 0.313953 0.045183 0.036790
0 0.470325 0.970697 0.073259 0.032205
0 0.543058 0.314866 0.041500 0.039833
2 0.112770 0.298212 0.225540 0.034526
0 0.111070 0.337031 0.220496 0.034751
0 0.082192 0.183179 0.019982 0.044669
0 0.036573 0.031628 0.022591 0.044348
0 0.112875 0.374929 0.222874 0.036959
0 0.991336 0.031085 0.017328 0.048091
0 0.925652 0.032046 0.023745 0.046323
0 0.960301 0.032353 0.024770 0.046998
4 0.942348 0.915550 0.043857 0.039046
0 0.033026 0.182485 0.018117 0.041485
2 0.050888 0.182205 0.016218 0.042046