5 0.507858 0.529733 0.370165 0.896717
1 0.354702 0.748469 0.014323 0.027181
1 0.354745 0.676950 0.014899 0.026756
1 0.354870 0.640986 0.014753 0.028893
4 0.199431 0.849707 0.133970 0.036596
0 0.816120 0.084687 0.077023 0.032477
1 0.354493 0.712379 0.014516 0.027337
1 0.354775 0.818545 0.014755 0.026964
0 0.903404 0.973333 0.065866 0.038983
4 0.192126 0.439535 0.034757 0.037782
0 0.118989 0.084356 0.065480 0.029298
4 0.172511 0.166736 0.091827 0.039899
0 0.730602 0.084901 0.079698 0.031989
0 0.971444 0.972431 0.056368 0.035080
1 0.354796 0.783754 0.014488 0.026486
4 0.112603 0.394887 0.028626 0.039465
0 0.047163 0.084066 0.061642 0.028852
0 0.061131 0.304602 0.049250 0.034450
0 0.939375 0.086288 0.017441 0.031032
1 0.354920 0.853821 0.014240 0.027360
0 0.977629 0.084794 0.042893 0.031106
0 0.214566 0.084229 0.108944 0.031332
2 0.882459 0.084443 0.035735 0.031140
4 0.129844 0.440317 0.062231 0.035317
0 0.598951 0.942933 0.034655 0.028472
0 0.652604 0.944227 0.056745 0.030668
4 0.109139 0.167410 0.034591 0.037879
4 0.157362 0.395097 0.033106 0.037920
4 0.225964 0.667852 0.185067 0.039744
0 0.129259 0.302279 0.054959 0.036563
4 0.229246 0.622920 0.191116 0.039345
0 0.300119 0.085118 0.046506 0.030086
4 0.207158 0.211988 0.230113 0.039801
0 0.677369 0.109510 0.015642 0.031348
0 0.200649 0.302068 0.062162 0.036472
0 0.924846 0.021049 0.021132 0.036674
0 0.029164 0.021776 0.018648 0.035394
0 0.954689 0.021591 0.020033 0.037589
0 0.986182 0.022026 0.022040 0.039313
4 0.280236 0.167786 0.083957 0.035032
0 0.262934 0.302657 0.033469 0.038535
0 0.306898 0.302073 0.030633 0.046709