4 0.479781 0.341685 0.128489 0.047210
0 0.028862 0.289136 0.023266 0.043630
4 0.201770 0.340852 0.085015 0.045037
2 0.239981 0.189110 0.143046 0.042678
4 0.513392 0.392453 0.196332 0.044641
4 0.728024 0.796761 0.037758 0.040703
4 0.284372 0.697491 0.308332 0.045085
4 0.623019 0.847175 0.037232 0.041304
2 0.089676 0.188844 0.141593 0.039667
4 0.592049 0.796271 0.233011 0.043824
4 0.202236 0.390735 0.083880 0.043271
4 0.284695 0.747625 0.309336 0.046345
2 0.222564 0.098178 0.038237 0.031646
4 0.277624 0.847283 0.038771 0.042609
4 0.194408 0.846601 0.128050 0.040598
4 0.382381 0.795805 0.038495 0.042832
4 0.539690 0.847519 0.129099 0.042462
4 0.247656 0.796621 0.233365 0.045124
4 0.682926 0.845973 0.081937 0.039375
0 0.028602 0.592907 0.022462 0.042484
0 0.085288 0.597058 0.043930 0.036459
0 0.973702 0.098984 0.048268 0.033479
0 0.090634 0.291369 0.056987 0.040499
0 0.901254 0.975801 0.080267 0.040519
1 0.084566 0.441622 0.014819 0.032344
0 0.060924 0.098499 0.086152 0.033320
2 0.153608 0.098740 0.083510 0.034303
0 0.912891 0.098546 0.058340 0.033365
4 0.867114 0.189762 0.029213 0.039024
0 0.144163 0.596437 0.038567 0.039218
2 0.171594 0.440736 0.142948 0.042657
4 0.889701 0.189386 0.016469 0.043230
0 0.972710 0.975101 0.051594 0.038727
0 0.147213 0.290260 0.016703 0.036016
0 0.202911 0.595763 0.048324 0.041131
0 0.046374 0.442756 0.013664 0.029091
0 0.031662 0.027183 0.021295 0.042492
0 0.916251 0.028662 0.023674 0.043053
0 0.950119 0.029194 0.023673 0.043452
0 0.982921 0.029407 0.021784 0.043661
0 0.253392 0.595429 0.027729 0.042146
0 0.314749 0.974744 0.078466 0.027271