0 0.070049 0.879169 0.022309 0.039574
0 0.532293 0.216537 0.024206 0.042280
0 0.282699 0.216555 0.022975 0.041674
0 0.460816 0.217521 0.107326 0.043860
0 0.373679 0.879317 0.023065 0.040838
0 0.353914 0.217601 0.106670 0.042930
0 0.047205 0.879123 0.021964 0.038890
2 0.219145 0.094811 0.037211 0.032855
0 0.555799 0.216557 0.021625 0.041044
0 0.070292 0.216415 0.022042 0.042820
0 0.706224 0.977728 0.064229 0.040420
0 0.047225 0.216188 0.023234 0.042040
0 0.978034 0.094707 0.043903 0.035738
0 0.579005 0.216192 0.023237 0.041534
0 0.916657 0.095381 0.061604 0.036213
4 0.168057 0.215859 0.161271 0.040156
0 0.056208 0.095157 0.088519 0.034637
0 0.024582 0.317934 0.023675 0.041943
0 0.259707 0.216569 0.022082 0.040319
0 0.774610 0.978073 0.059810 0.034196
4 0.270490 0.368802 0.138770 0.043933
2 0.149849 0.095021 0.083317 0.034324
0 0.918750 0.977582 0.049299 0.032047
0 0.849134 0.977989 0.071312 0.032400
4 0.342529 0.879939 0.038132 0.041869
0 0.976103 0.977907 0.047647 0.033142
4 0.355048 0.369063 0.031098 0.043309
0 0.094396 0.879355 0.018360 0.035646
0 0.074182 0.318474 0.037180 0.041224
0 0.275536 0.319947 0.058461 0.036731
0 0.208900 0.319477 0.041732 0.039137
0 0.162294 0.318752 0.024420 0.036328
0 0.988057 0.023610 0.022239 0.043967
0 0.122972 0.320886 0.021676 0.036730
0 0.026932 0.021471 0.021275 0.040896
0 0.953767 0.023454 0.023646 0.044528
0 0.920175 0.022831 0.024516 0.043324