0 0.281756 0.222651 0.024185 0.042018
0 0.069762 0.223117 0.022461 0.041496
0 0.531043 0.223366 0.023887 0.042741
4 0.198522 0.374850 0.084828 0.045186
0 0.554101 0.223186 0.021399 0.041576
0 0.353343 0.224029 0.108055 0.044275
0 0.258350 0.222840 0.021736 0.040816
0 0.069850 0.882437 0.022244 0.040817
0 0.024139 0.323878 0.023241 0.042275
0 0.459921 0.223700 0.106372 0.044731
4 0.196594 0.476585 0.080691 0.040006
0 0.046956 0.223161 0.022484 0.040807
0 0.704070 0.978991 0.061971 0.038133
2 0.218388 0.100367 0.038652 0.031047
0 0.576991 0.223018 0.023162 0.041059
0 0.372782 0.883139 0.022371 0.042045
4 0.167768 0.224509 0.161201 0.043553
0 0.975642 0.101034 0.047293 0.034028
0 0.047117 0.882718 0.021945 0.042731
0 0.915564 0.977820 0.046839 0.030498
0 0.771531 0.979677 0.062472 0.033375
0 0.056485 0.101476 0.087759 0.034727
0 0.913473 0.101002 0.060650 0.037273
0 0.846741 0.979504 0.071552 0.029897
2 0.149306 0.100805 0.084194 0.034280
4 0.341836 0.883643 0.037742 0.043477
0 0.973224 0.979469 0.049102 0.030182
0 0.161528 0.323149 0.030926 0.038846
0 0.275426 0.327070 0.053769 0.038551
0 0.074189 0.323785 0.036356 0.039838
0 0.122573 0.326890 0.027001 0.041324
4 0.485844 0.527014 0.039108 0.042800
0 0.208965 0.324167 0.041537 0.037761
1 0.094530 0.882609 0.019887 0.039585
0 0.027275 0.029448 0.021694 0.043381
0 0.950810 0.030458 0.023906 0.044941
0 0.918175 0.030145 0.022789 0.043455
0 0.984651 0.030160 0.024208 0.045745
0 0.244470 0.476108 0.018026 0.037958