4 0.183682 0.348407 0.077300 0.039879
4 0.468066 0.350033 0.180552 0.040663
4 0.258449 0.624123 0.280274 0.037462
4 0.491187 0.759106 0.118062 0.039152
4 0.176805 0.760593 0.116829 0.036715
4 0.437348 0.304022 0.117169 0.042528
4 0.348596 0.715740 0.033475 0.038860
4 0.183719 0.304173 0.077238 0.038274
4 0.622974 0.758695 0.076289 0.038852
2 0.218926 0.169714 0.130187 0.037243
4 0.258568 0.668679 0.280605 0.040976
0 0.026209 0.258030 0.021760 0.039142
0 0.026031 0.530489 0.020982 0.037227
2 0.081717 0.170983 0.128147 0.035071
0 0.077666 0.533447 0.040902 0.034013
0 0.901951 0.976210 0.071098 0.038271
0 0.968544 0.086088 0.042187 0.031287
0 0.055668 0.086486 0.078037 0.030995
0 0.966946 0.975206 0.045872 0.038366
0 0.912969 0.086193 0.056006 0.032712
2 0.202036 0.086406 0.034321 0.030341
4 0.203838 0.889378 0.143371 0.030375
4 0.252667 0.760164 0.035326 0.035857
4 0.225585 0.716474 0.214711 0.037974
2 0.155259 0.397534 0.130826 0.033629
4 0.518756 0.892165 0.143563 0.026662
4 0.567188 0.758756 0.034791 0.037898
0 0.082441 0.259187 0.052129 0.036157
2 0.138605 0.086540 0.074630 0.030872
4 0.789694 0.167294 0.026215 0.037291
0 0.130681 0.531520 0.035458 0.036841
0 0.133938 0.258641 0.016874 0.033026
0 0.184006 0.530820 0.043948 0.037324
0 0.028812 0.022525 0.018599 0.036704
1 0.076299 0.394851 0.010778 0.021196
4 0.440531 0.890700 0.014260 0.023732
0 0.947079 0.022656 0.020773 0.039213
4 0.810132 0.167663 0.015706 0.036796
0 0.917055 0.022395 0.020975 0.039068
0 0.976582 0.022956 0.020671 0.038707
0 0.042315 0.394487 0.013824 0.030094
0 0.230191 0.530893 0.023336 0.036748
4 0.125164 0.889351 0.014015 0.027131