0 0.020521 0.023231 0.015391 0.037663
0 0.050019 0.086869 0.084648 0.040261
0 0.141080 0.088817 0.085930 0.038962
0 0.930807 0.024530 0.019879 0.037663
0 0.959985 0.026478 0.020521 0.038962
0 0.990573 0.024530 0.018853 0.040261
0 0.975824 0.090116 0.048352 0.025975
0 0.319995 0.306354 0.132102 0.035066
0 0.389894 0.169338 0.020521 0.038962
0 0.411376 0.169988 0.018597 0.040261
0 0.431897 0.170637 0.021162 0.038962
0 0.452418 0.169988 0.018597 0.037663
0 0.473580 0.169988 0.021162 0.037663
0 0.053867 0.397915 0.060280 0.038962
0 0.122804 0.399863 0.051943 0.035066
0 0.181480 0.401161 0.043607 0.037663
0 0.232782 0.398564 0.033346 0.042858
2 0.210337 0.088817 0.041041 0.036364
4 0.221880 0.170637 0.132102 0.036364
4 0.169296 0.216093 0.026933 0.038962
4 0.201039 0.260899 0.089137 0.035066
4 0.193664 0.305705 0.075670 0.033767