4 0.859042 0.445165 0.155945 0.045632
4 0.531350 0.701310 0.070439 0.041981
4 0.516154 0.650033 0.040399 0.042849
4 0.187887 0.752806 0.157369 0.046881
4 0.130798 0.495719 0.040109 0.045600
4 0.130689 0.650378 0.041105 0.044571
4 0.577834 0.751647 0.164155 0.045787
0 0.075904 0.098544 0.045149 0.033390
4 0.130555 0.444385 0.039375 0.042038
0 0.029017 0.098716 0.032093 0.032539
4 0.130405 0.598817 0.039940 0.044185
4 0.188073 0.804736 0.154813 0.046796
0 0.320481 0.240335 0.031542 0.042672
4 0.575058 0.803746 0.157304 0.047111
4 0.209161 0.240500 0.149815 0.045487
4 0.155230 0.188816 0.039008 0.040853
4 0.878648 0.751916 0.164961 0.047844
4 0.123006 0.547735 0.024863 0.044005
4 0.311169 0.751914 0.032270 0.046386
4 0.188232 0.854557 0.155906 0.043596
0 0.063914 0.345703 0.058142 0.039016
4 0.878747 0.804375 0.163474 0.046699
0 0.976777 0.099853 0.046446 0.040911
4 0.130546 0.394153 0.039182 0.043599
2 0.125572 0.098751 0.039080 0.033242
4 0.554378 0.899390 0.116260 0.032681
4 0.118653 0.701296 0.017246 0.042188
4 0.310944 0.804161 0.032425 0.046108
4 0.184647 0.898336 0.147474 0.032824
4 0.877946 0.393188 0.193836 0.046535
0 0.354479 0.344760 0.041683 0.041576
0 0.128889 0.344283 0.036689 0.039747
0 0.429457 0.343347 0.077419 0.042027
0 0.189205 0.343788 0.056737 0.040254
0 0.526429 0.344302 0.082812 0.040584
0 0.274315 0.344975 0.084267 0.039270
0 0.988923 0.026504 0.021773 0.046124
0 0.026924 0.026456 0.021716 0.042919
0 0.599640 0.343439 0.033336 0.044913
0 0.955772 0.027416 0.023881 0.045133
0 0.922210 0.026561 0.023383 0.044017