2 0.509168 0.468922 0.122641 0.033061
0 0.578503 0.701078 0.017182 0.032489
0 0.348021 0.265063 0.058481 0.035303
0 0.969166 0.265397 0.017912 0.035854
0 0.281774 0.265058 0.068235 0.037416
0 0.419209 0.265392 0.076320 0.036805
0 0.616828 0.699273 0.049112 0.031206
0 0.594278 0.265528 0.068279 0.037093
0 0.505595 0.265306 0.090585 0.036749
4 0.470742 0.509804 0.046168 0.032201
0 0.195663 0.264903 0.098262 0.037160
4 0.470780 0.551958 0.046971 0.030214
0 0.931979 0.265414 0.047675 0.035404
0 0.862447 0.265522 0.084608 0.035121
2 0.974344 0.082349 0.026672 0.028500
4 0.470852 0.632667 0.046183 0.033190
1 0.027510 0.609657 0.012661 0.027858
4 0.479326 0.591649 0.065130 0.033113
2 0.090746 0.267639 0.104580 0.032814
1 0.027384 0.481201 0.011910 0.027521
1 0.027141 0.513424 0.011815 0.026865
0 0.432370 0.137444 0.122524 0.039827
1 0.027341 0.447831 0.012729 0.029836
1 0.027330 0.384216 0.012400 0.026885
1 0.027247 0.576774 0.011861 0.028127
5 0.498017 0.529853 0.317240 0.389799
2 0.537518 0.430852 0.180640 0.030049
0 0.060497 0.825993 0.088313 0.038940
1 0.027151 0.544576 0.011346 0.026828
1 0.027608 0.641845 0.012762 0.026450
0 0.487044 0.509997 0.014050 0.031639
0 0.623024 0.358914 0.014429 0.030527
1 0.027099 0.351442 0.013003 0.028355
1 0.027524 0.415571 0.012016 0.027610
4 0.090866 0.608737 0.115231 0.035263
0 0.171417 0.824418 0.110420 0.038181
0 0.501421 0.592310 0.019602 0.031718
4 0.227109 0.385150 0.160293 0.035375
4 0.090253 0.512812 0.115172 0.035403
0 0.487203 0.552043 0.013839 0.028335
0 0.966442 0.022643 0.018998 0.037236
4 0.088821 0.480113 0.112623 0.035712
0 0.029492 0.024136 0.015856 0.032389
0 0.913854 0.023852 0.017975 0.034067
0 0.642038 0.358189 0.014587 0.027100
4 0.227014 0.415778 0.160615 0.034701
0 0.940495 0.023633 0.018625 0.036233
4 0.091313 0.642277 0.114543 0.034384
4 0.090060 0.544300 0.115465 0.032974
4 0.090486 0.575800 0.114641 0.035475
4 0.227602 0.480271 0.161704 0.037354
4 0.227826 0.513349 0.163519 0.037086
4 0.089518 0.384832 0.115180 0.034964
1 0.027455 0.313076 0.014572 0.027954
4 0.227265 0.446494 0.162561 0.038066
4 0.090115 0.414970 0.114381 0.033316
4 0.227899 0.544517 0.161998 0.035500
0 0.487021 0.632351 0.014749 0.029990
4 0.229499 0.577995 0.162832 0.036238
4 0.228909 0.609234 0.161652 0.031239
4 0.229499 0.641723 0.162832 0.036238
0 0.293805 0.823536 0.110914 0.039986
4 0.379941 0.953004 0.377581 0.093992
0 0.935693 0.679835 0.049558 0.022492
0 0.968142 0.679835 0.010619 0.019993
0 0.796460 0.213745 0.066077 0.022492
0 0.878171 0.214995 0.087906 0.024991
0 0.951917 0.214370 0.053687 0.023742
0 0.117404 0.135022 0.204130 0.044985
0 0.296460 0.138146 0.129204 0.043735
0 0.606490 0.136897 0.195870 0.046234