4 0.733824 0.587367 0.060495 0.034963
4 0.668025 0.553875 0.073230 0.034777
4 0.791398 0.553773 0.057301 0.034677
4 0.668156 0.587170 0.073252 0.035128
0 0.975894 0.269596 0.019146 0.032990
4 0.791352 0.587281 0.057268 0.035055
4 0.345258 0.587268 0.071470 0.035689
4 0.847639 0.554054 0.057333 0.034830
4 0.733503 0.553970 0.060264 0.034309
4 0.910169 0.553882 0.069938 0.034664
4 0.345707 0.554073 0.071696 0.035091
0 0.416709 0.270752 0.078287 0.033688
4 0.847780 0.587227 0.057368 0.035345
4 0.601495 0.587262 0.062366 0.035393
4 0.910103 0.587312 0.069898 0.035151
0 0.345307 0.270676 0.058898 0.033983
4 0.601436 0.554035 0.061917 0.035215
4 0.847745 0.423496 0.057381 0.035514
1 0.022769 0.357163 0.013747 0.027878
4 0.667830 0.653237 0.073215 0.036652
4 0.791478 0.521524 0.057469 0.032652
0 0.192585 0.270688 0.097779 0.034346
4 0.345153 0.619948 0.071426 0.034860
4 0.601515 0.619689 0.062532 0.034116
4 0.060612 0.553776 0.063039 0.035139
4 0.668007 0.619792 0.073253 0.034290
4 0.791346 0.620032 0.057658 0.034284
4 0.847592 0.457204 0.057462 0.035418
4 0.668075 0.521628 0.072987 0.032654
4 0.601830 0.653053 0.062323 0.036561
0 0.592897 0.270342 0.068531 0.034182
4 0.227356 0.554409 0.166171 0.035564
4 0.733400 0.619669 0.060087 0.034002
4 0.668210 0.423210 0.073289 0.036179
4 0.847505 0.521515 0.057079 0.032558
4 0.910361 0.521495 0.069854 0.032577
4 0.733785 0.423631 0.059962 0.035451
4 0.733591 0.521814 0.059990 0.032172
4 0.733802 0.457089 0.059826 0.035014
4 0.910281 0.456559 0.069722 0.035411
4 0.733658 0.490532 0.059924 0.033928
4 0.791398 0.490481 0.057429 0.034169
4 0.847563 0.490357 0.057376 0.034130
4 0.117895 0.553745 0.054969 0.035788
4 0.345680 0.521508 0.072341 0.032848
4 0.910625 0.423241 0.069487 0.035529
4 0.668163 0.456624 0.072898 0.034798
4 0.601744 0.521328 0.062508 0.032149
4 0.060491 0.586274 0.062135 0.032968
4 0.475104 0.587543 0.190098 0.037157
4 0.345554 0.653542 0.071872 0.036980
4 0.910451 0.490006 0.069635 0.034490
4 0.475242 0.553750 0.189404 0.036401
4 0.791196 0.423612 0.057780 0.035409
4 0.668140 0.489886 0.072711 0.034813
4 0.791294 0.457514 0.057339 0.036073
4 0.847696 0.390159 0.057345 0.034643
0 0.869980 0.271643 0.084973 0.031853
0 0.504115 0.270951 0.093243 0.033457
2 0.087810 0.269900 0.106480 0.035746
4 0.847585 0.620102 0.057449 0.034187
1 0.022623 0.318131 0.013766 0.028808
4 0.601594 0.423806 0.062493 0.035138
4 0.117896 0.586982 0.054280 0.035426
4 0.345598 0.423855 0.071837 0.035195
4 0.909979 0.619742 0.069926 0.034460
4 0.060570 0.520055 0.062051 0.030755
4 0.226761 0.587007 0.167328 0.035437
4 0.345769 0.390297 0.071921 0.035308
4 0.791883 0.389694 0.058029 0.035664
0 0.278256 0.270430 0.069165 0.035740
4 0.733360 0.652817 0.060899 0.036048
4 0.601780 0.390118 0.062763 0.034903
4 0.601686 0.457097 0.062279 0.035160
4 0.345340 0.456868 0.071529 0.035528
4 0.117821 0.619476 0.054516 0.034356
4 0.910578 0.389767 0.070305 0.035410
4 0.601738 0.490529 0.062709 0.033828
4 0.345330 0.489713 0.071424 0.035108
2 0.975694 0.083103 0.027243 0.029736
4 0.733577 0.389824 0.060712 0.035179
4 0.117890 0.521203 0.055050 0.032670
4 0.227014 0.521151 0.167036 0.034893
4 0.791561 0.652795 0.057654 0.035468
4 0.060705 0.423451 0.062673 0.035315
4 0.668387 0.390026 0.073464 0.035077
4 0.060999 0.489583 0.061800 0.034173
4 0.961498 0.554368 0.035276 0.034957
4 0.060970 0.619389 0.061954 0.033994
4 0.227271 0.423942 0.166843 0.036023
4 0.227175 0.619992 0.166742 0.035809
4 0.961525 0.587285 0.035641 0.033692
4 0.117920 0.652870 0.054315 0.036996
1 0.022544 0.587114 0.013876 0.028870
4 0.475136 0.521486 0.189119 0.034094
1 0.022858 0.489287 0.012989 0.025475
4 0.060970 0.456362 0.061904 0.034902
4 0.475699 0.620390 0.190842 0.036051
4 0.118007 0.490124 0.054678 0.034474
4 0.118039 0.390144 0.054446 0.035205
1 0.022551 0.390205 0.012986 0.026704
1 0.022627 0.619397 0.013953 0.027051
4 0.847478 0.652418 0.057133 0.034527
4 0.061412 0.652396 0.061533 0.035136
4 0.961304 0.521195 0.035144 0.032454
4 0.910459 0.651977 0.069318 0.034391
4 0.118071 0.456719 0.054166 0.035764
1 0.022715 0.457227 0.013058 0.027666
4 0.117926 0.423439 0.054128 0.035233
4 0.060735 0.390251 0.061574 0.034349
1 0.022561 0.652174 0.014369 0.029160
4 0.227725 0.390488 0.164191 0.034896
4 0.476274 0.423595 0.192259 0.036565
1 0.022592 0.521600 0.013098 0.026822
4 0.961522 0.456484 0.035097 0.034469
4 0.961616 0.423538 0.036085 0.036082
4 0.476209 0.456315 0.191644 0.036647
4 0.475734 0.489895 0.190360 0.037164
4 0.961519 0.491078 0.034965 0.034129
1 0.022627 0.423520 0.013351 0.028230
4 0.227416 0.653657 0.166216 0.037723
4 0.961623 0.619307 0.035535 0.032947
4 0.226694 0.355977 0.165366 0.033224
4 0.475182 0.654174 0.189268 0.038079
4 0.227356 0.456840 0.166646 0.036778
4 0.961708 0.389344 0.035535 0.035895
0 0.429575 0.138901 0.121786 0.037696
4 0.226540 0.490431 0.164264 0.037523
4 0.962019 0.651710 0.035348 0.034043
4 0.474734 0.390070 0.186760 0.035397
0 0.939764 0.271612 0.048166 0.033411
1 0.022507 0.552665 0.013766 0.028695
4 0.733619 0.355191 0.061023 0.034458
4 0.910301 0.354025 0.069854 0.035090
0 0.802714 0.217611 0.067656 0.029815
0 0.026127 0.023558 0.017913 0.035165
4 0.475771 0.355641 0.190111 0.032976
4 0.961318 0.354941 0.034720 0.034660
0 0.914093 0.024046 0.019147 0.035441
0 0.967780 0.024921 0.019723 0.037278
0 0.940368 0.024491 0.019472 0.037193
4 0.117395 0.355310 0.053321 0.034018
0 0.961586 0.217858 0.058358 0.032072
0 0.291982 0.138689 0.124016 0.035565
0 0.113826 0.136942 0.203283 0.039881
0 0.603117 0.136942 0.195588 0.042631
0 0.949404 0.689771 0.063486 0.026129
0 0.883353 0.217391 0.089137 0.030254