0 0.033667 0.025865 0.014749 0.028801
0 0.060600 0.088507 0.075029 0.030241
0 0.144607 0.088507 0.077594 0.030241
0 0.211299 0.089227 0.036553 0.037441
0 0.922470 0.025865 0.018597 0.034561
0 0.948442 0.027305 0.017956 0.034561
0 0.976978 0.026585 0.021162 0.036001
0 0.968642 0.087787 0.042965 0.034561
0 0.376427 0.208751 0.014108 0.031681
0 0.973131 0.977738 0.028857 0.034561
2 0.251058 0.087787 0.028857 0.037441
2 0.245928 0.249792 0.244325 0.033121
2 0.247531 0.293714 0.242401 0.034561
4 0.247531 0.205871 0.242401 0.031681
4 0.163204 0.377957 0.076311 0.033121
4 0.247210 0.508281 0.244325 0.034561
4 0.156791 0.678927 0.066051 0.033121
4 0.247531 0.722849 0.242401 0.031681