4 0.148446 0.154018 0.067959 0.034376
4 0.148543 0.233212 0.068953 0.035786
4 0.518889 0.151926 0.024840 0.035186
4 0.341946 0.314219 0.037584 0.032104
4 0.363224 0.557710 0.079991 0.035128
4 0.154656 0.921023 0.082087 0.034826
4 0.524943 0.314484 0.037145 0.032153
4 0.147969 0.879854 0.068333 0.033482
4 0.148309 0.355491 0.069830 0.033721
4 0.338737 0.152298 0.032576 0.035451
4 0.522107 0.193093 0.032110 0.036757
0 0.419086 0.080394 0.041894 0.026492
4 0.127308 0.637798 0.027404 0.033391
4 0.338671 0.193487 0.032994 0.036906
0 0.048799 0.079871 0.075516 0.028556
4 0.387390 0.517791 0.129228 0.033542
0 0.283274 0.080105 0.042796 0.025923
4 0.356268 0.352210 0.065571 0.029777
0 0.209249 0.080182 0.090983 0.027792
0 0.124844 0.079725 0.063583 0.027221
4 0.148269 0.314017 0.068945 0.033739
4 0.197107 0.557505 0.043943 0.033891
4 0.419344 0.921175 0.193320 0.036684
4 0.356126 0.880585 0.067224 0.033890
4 0.197196 0.598632 0.044138 0.035077
0 0.351843 0.080562 0.080089 0.027476
4 0.127301 0.557403 0.025099 0.034323
4 0.129249 0.517016 0.029549 0.032704
4 0.470553 0.517219 0.036928 0.032822
4 0.128910 0.678784 0.030974 0.036943
0 0.926349 0.982335 0.049873 0.027253
0 0.867752 0.983224 0.057969 0.030501
0 0.978262 0.080660 0.041630 0.032786
2 0.462321 0.080543 0.032085 0.027218
4 0.127007 0.598952 0.025865 0.033457
4 0.126980 0.720496 0.026497 0.034931
0 0.978049 0.982020 0.041692 0.027825
4 0.515917 0.354475 0.019524 0.034194
1 0.119396 0.395827 0.011989 0.026035
0 0.396438 0.354130 0.014342 0.030271
1 0.514908 0.557648 0.012562 0.025387
0 0.022851 0.022726 0.016511 0.033548
0 0.020880 0.982110 0.013261 0.025968
0 0.959997 0.023525 0.019148 0.036749
0 0.932475 0.022521 0.018983 0.034943
0 0.218473 0.982427 0.058248 0.026700
0 0.987377 0.024122 0.019292 0.036912
4 0.315707 0.758793 0.403188 0.028944