0 0.040391 0.287644 0.020829 0.038097
0 0.092909 0.287810 0.022071 0.040094
1 0.269640 0.776843 0.013796 0.028640
0 0.165553 0.287839 0.020590 0.037696
0 0.063996 0.287733 0.021931 0.039273
1 0.269669 0.845168 0.013505 0.028053
1 0.269796 0.879604 0.013933 0.029336
4 0.418293 0.403582 0.087748 0.038154
1 0.269635 0.743220 0.013159 0.026997
4 0.579912 0.230067 0.342565 0.041403
0 0.939098 0.085147 0.014991 0.029246
4 0.689839 0.140488 0.187143 0.039717
0 0.589152 0.084167 0.023377 0.025489
4 0.579603 0.315888 0.341635 0.040828
0 0.331295 0.083261 0.042803 0.026031
4 0.445759 0.140545 0.075117 0.037399
4 0.384959 0.229174 0.022011 0.038534
1 0.269806 0.810753 0.013528 0.028934
0 0.264486 0.084168 0.075526 0.027428
4 0.391347 0.314833 0.034256 0.037917
2 0.445157 0.622192 0.158566 0.040840
0 0.547347 0.084008 0.045099 0.026352
2 0.813699 0.083901 0.034632 0.026899
0 0.250600 0.183550 0.020300 0.035381
0 0.205677 0.084072 0.027706 0.026542
1 0.813112 0.742795 0.018520 0.031656
1 0.813233 0.844905 0.018752 0.032659
2 0.804155 0.621945 0.255139 0.042345
0 0.974541 0.084946 0.041260 0.028769
0 0.381911 0.083375 0.043264 0.025478
0 0.903663 0.974243 0.065094 0.036766
1 0.270003 0.914005 0.014259 0.029140
0 0.108708 0.084321 0.153560 0.029778
0 0.657970 0.085357 0.102329 0.029769
0 0.463940 0.084367 0.104654 0.028420
1 0.813334 0.810105 0.018440 0.032367
4 0.901322 0.140595 0.074791 0.039018
4 0.355167 0.707435 0.038247 0.037221
4 0.480952 0.707846 0.126972 0.038773
4 0.480707 0.743825 0.126761 0.037903
1 0.288706 0.708055 0.017331 0.032134
1 0.288747 0.810327 0.017337 0.031548
4 0.355420 0.809628 0.038518 0.036668
0 0.121436 0.287898 0.018647 0.038078
2 0.013097 0.288069 0.026158 0.038521
1 0.813398 0.776304 0.018617 0.031587
4 0.606285 0.707655 0.128722 0.040111
2 0.752879 0.084073 0.073922 0.028152
4 0.605987 0.743715 0.126400 0.038128
4 0.355393 0.844766 0.038869 0.037923
4 0.355425 0.880538 0.038932 0.037044
1 0.288687 0.742761 0.017384 0.031839
1 0.813074 0.914168 0.019498 0.033847
4 0.480245 0.881013 0.126773 0.038240
1 0.269853 0.708493 0.013407 0.028674
1 0.288762 0.844935 0.017712 0.032706
4 0.721801 0.743461 0.109712 0.037722
0 0.968480 0.974605 0.056113 0.034599
1 0.288766 0.776749 0.017428 0.031668
4 0.480160 0.776627 0.127437 0.035726
1 0.813336 0.879235 0.018747 0.032329
4 0.722111 0.707030 0.110077 0.039933
4 0.722095 0.880765 0.109485 0.038470
4 0.722375 0.844646 0.108556 0.037955
0 0.250759 0.621525 0.018785 0.035265
4 0.355370 0.742899 0.038627 0.036190
4 0.876112 0.743152 0.071989 0.036694
4 0.407099 0.810128 0.023072 0.035781
4 0.722176 0.776241 0.110166 0.035307
4 0.355388 0.775814 0.038760 0.034258
1 0.812885 0.708118 0.018512 0.033131
0 0.915418 0.084825 0.016709 0.029859
1 0.288749 0.879702 0.017609 0.032442
4 0.480729 0.845389 0.126503 0.038824
4 0.480629 0.809882 0.126742 0.039032
4 0.124844 0.422779 0.220775 0.036314
4 0.605949 0.809964 0.126289 0.039093
4 0.605239 0.880943 0.126966 0.038224
4 0.875802 0.844739 0.074040 0.037357
4 0.605996 0.845365 0.126068 0.038827
4 0.876382 0.707434 0.073949 0.038278
4 0.385019 0.809674 0.022753 0.035642
4 0.875632 0.879648 0.073183 0.036977
4 0.605858 0.776296 0.127906 0.035584
0 0.503718 0.184784 0.041117 0.026227
4 0.406936 0.708101 0.023103 0.036140
4 0.317530 0.810048 0.039609 0.036052
0 0.397337 0.184982 0.053190 0.029430
4 0.317572 0.707489 0.039065 0.037131
4 0.722017 0.809422 0.110453 0.039081
4 0.125036 0.765825 0.223616 0.039613
4 0.317340 0.844612 0.039477 0.037458
4 0.384882 0.707471 0.022386 0.035842
4 0.123335 0.456616 0.222284 0.037690
4 0.875260 0.775950 0.072440 0.034974
4 0.355387 0.914622 0.038732 0.034658
4 0.955481 0.707826 0.089037 0.039674
0 0.749313 0.187002 0.114675 0.031212
4 0.611475 0.404048 0.298662 0.039233
4 0.124418 0.525756 0.223863 0.036882
4 0.123737 0.491658 0.223982 0.039056
4 0.124261 0.593629 0.224797 0.038870
4 0.124541 0.662108 0.224039 0.037212
4 0.124933 0.696222 0.225142 0.038464
4 0.407047 0.845005 0.023225 0.037152
4 0.123909 0.559308 0.223415 0.037098
4 0.317329 0.742427 0.039276 0.036511
4 0.955511 0.743258 0.088977 0.037506
4 0.317044 0.879855 0.039823 0.035004
4 0.955342 0.881443 0.089090 0.040322
4 0.385448 0.844426 0.023335 0.036545
4 0.876096 0.809445 0.073377 0.036777
0 0.574345 0.185293 0.071571 0.028294
4 0.406949 0.743199 0.023512 0.036139
4 0.125714 0.730695 0.224169 0.038049
4 0.124792 0.628214 0.223791 0.037559
4 0.955380 0.776392 0.089240 0.036676
4 0.384967 0.880435 0.023189 0.036586
4 0.407257 0.880578 0.022912 0.036885
4 0.384848 0.775855 0.023150 0.033768
4 0.125080 0.799771 0.224698 0.037136
4 0.481075 0.915229 0.128544 0.036630
4 0.123917 0.867941 0.221352 0.039742
4 0.384894 0.742678 0.023058 0.035970
4 0.407005 0.776173 0.023102 0.033572
0 0.251056 0.140140 0.021491 0.039012
2 0.138276 0.288155 0.016057 0.037287
0 0.652145 0.184708 0.055478 0.030105
1 0.288293 0.914181 0.016591 0.030911
4 0.606020 0.914751 0.126054 0.036297
4 0.721827 0.914632 0.109395 0.036419
4 0.385221 0.914806 0.022985 0.033938
4 0.317451 0.775902 0.039145 0.034429
4 0.955388 0.844936 0.088886 0.038854
4 0.317404 0.914516 0.039109 0.034943
4 0.125431 0.833206 0.223604 0.037623
4 0.789155 0.707614 0.027212 0.036444
4 0.955424 0.809802 0.088645 0.038948
4 0.125749 0.388255 0.220551 0.036986
0 0.316405 0.184878 0.081484 0.029270
0 0.453661 0.184220 0.034552 0.031106
0 0.972337 0.185322 0.032382 0.031047
0 0.881313 0.186451 0.118023 0.030939
4 0.007654 0.627693 0.015308 0.035743
4 0.789357 0.879357 0.027747 0.035675
4 0.007698 0.730020 0.015395 0.036183
1 0.007152 0.389038 0.014303 0.031518
4 0.123177 0.902552 0.222042 0.036786
4 0.007610 0.525337 0.015219 0.035057
4 0.007779 0.832109 0.015558 0.036682
4 0.789192 0.742329 0.027479 0.035751
4 0.789263 0.775823 0.028312 0.034570
4 0.007912 0.799013 0.015824 0.034384
4 0.007930 0.868554 0.015860 0.037135
4 0.407234 0.914939 0.022855 0.033754
4 0.875420 0.914365 0.071907 0.034284
4 0.007881 0.765954 0.015762 0.036635
4 0.007864 0.695339 0.015728 0.036593
4 0.007839 0.593216 0.015677 0.036671
4 0.789500 0.844270 0.028338 0.036304
4 0.007839 0.661737 0.015678 0.034006
4 0.007818 0.901547 0.015636 0.033258
4 0.007801 0.559044 0.015601 0.034529
4 0.789220 0.809971 0.027846 0.035669
4 0.007801 0.491162 0.015602 0.036834
0 0.923703 0.022507 0.020792 0.037754
4 0.007284 0.423125 0.014568 0.031602
0 0.983146 0.023750 0.020631 0.039002
0 0.953348 0.023627 0.020454 0.038353
0 0.042674 0.023151 0.018979 0.036664
4 0.007596 0.934264 0.015192 0.035805
4 0.007702 0.456247 0.015404 0.034721
4 0.789046 0.914461 0.027876 0.036173
4 0.831812 0.879041 0.018063 0.034522
4 0.831734 0.776725 0.017706 0.031940
2 0.340237 0.139889 0.142970 0.035668
4 0.830282 0.741005 0.015766 0.033263
4 0.830790 0.706703 0.014749 0.033263
4 0.830282 0.843913 0.016784 0.033263
4 0.830536 0.809611 0.015258 0.031184
4 0.831553 0.915117 0.015258 0.032224