0 0.035234 0.027037 0.018027 0.040340
0 0.047730 0.093507 0.054490 0.026588
0 0.130695 0.093507 0.100787 0.026588
0 0.227180 0.091215 0.079892 0.023837
0 0.317109 0.090756 0.086037 0.024754
0 0.391675 0.090756 0.048345 0.024754
0 0.922239 0.029788 0.014749 0.031172
0 0.948460 0.027496 0.013930 0.032089
0 0.974476 0.027954 0.012701 0.031172
0 0.966077 0.090298 0.039331 0.027504
0 0.969559 0.167769 0.015159 0.024754
0 0.803425 0.166393 0.088496 0.029338
0 0.715134 0.164560 0.073337 0.025671
0 0.636676 0.163643 0.073746 0.031172
0 0.561087 0.164560 0.064323 0.034839
0 0.490208 0.165477 0.061865 0.029338
0 0.395977 0.165477 0.099558 0.025671
0 0.291708 0.166393 0.085218 0.027504
0 0.195428 0.164101 0.089315 0.033922
0 0.030728 0.166393 0.012291 0.027504
0 0.090954 0.166393 0.099967 0.027504
0 0.956654 0.974566 0.056539 0.035756
0 0.470275 0.209449 0.024582 0.032159
0 0.494289 0.251764 0.021935 0.032159
2 0.437751 0.091815 0.030633 0.022004
1 0.033596 0.719994 0.011472 0.018336
1 0.033869 0.849571 0.010925 0.023226
1 0.272315 0.850182 0.010379 0.022004
4 0.210860 0.209634 0.244729 0.034228
4 0.211406 0.253030 0.243636 0.033005
4 0.104064 0.293369 0.028952 0.033005
4 0.103791 0.336765 0.028406 0.036673
4 0.207309 0.464508 0.106522 0.033005
4 0.207036 0.508515 0.105976 0.033005
4 0.207582 0.551300 0.105976 0.030561
4 0.253196 0.592251 0.196111 0.031783
4 0.405058 0.464508 0.022397 0.033005
4 0.404785 0.550078 0.024036 0.030561
4 0.407790 0.722439 0.028952 0.033005
4 0.404512 0.764612 0.024582 0.029338
4 0.408063 0.806786 0.029499 0.033005
4 0.169343 0.763390 0.029499 0.031783
4 0.187643 0.807397 0.065006 0.029338
4 0.187097 0.892355 0.065006 0.033005
4 0.255381 0.763390 0.010379 0.031783