0 0.040560 0.034987 0.018191 0.056672
0 0.076205 0.127774 0.107178 0.048894
0 0.194936 0.128330 0.093904 0.038893
0 0.888889 0.033876 0.024582 0.061117
0 0.924041 0.035543 0.026057 0.060006
0 0.962389 0.038321 0.026057 0.061117
0 0.836283 0.713387 0.018682 0.044449
0 0.952557 0.962856 0.077188 0.045560
0 0.028761 0.961745 0.030973 0.043338
0 0.038348 0.841733 0.035398 0.045560
0 0.074238 0.842289 0.034415 0.044449
0 0.352507 0.843400 0.014749 0.033337
0 0.381268 0.845067 0.016224 0.030003
0 0.341445 0.773393 0.020157 0.046671
0 0.253441 0.714499 0.018191 0.046671
0 0.093166 0.357797 0.119469 0.044449
0 0.244838 0.357241 0.147493 0.045560
0 0.407325 0.357241 0.149951 0.045560
0 0.557768 0.355019 0.118486 0.050005
0 0.712881 0.357241 0.156342 0.054450
0 0.840954 0.353352 0.056539 0.044449
0 0.923550 0.355019 0.080138 0.047782
4 0.798673 0.713943 0.095870 0.041115
4 0.883235 0.713943 0.065388 0.045560
4 0.872173 0.833399 0.241888 0.048894
4 0.873648 0.885627 0.244838 0.033337
4 0.259833 0.773393 0.181416 0.048894
4 0.215585 0.713387 0.094887 0.048894
4 0.299410 0.713943 0.064897 0.045560
4 0.292773 0.653381 0.250246 0.046671
4 0.445919 0.485031 0.482793 0.143347
2 0.839691 0.654645 0.179026 0.044832
2 0.333384 0.127582 0.139864 0.041383
2 0.487234 0.128731 0.130200 0.034486
2 0.648713 0.129881 0.150036 0.039084
2 0.804598 0.123558 0.114943 0.047131
2 0.962008 0.122984 0.036110 0.043682