0 0.031219 0.022676 0.017207 0.034558
0 0.042527 0.086555 0.067355 0.026180
0 0.914208 0.025294 0.017207 0.027227
0 0.939774 0.024247 0.017207 0.025133
0 0.967797 0.025294 0.017207 0.025133
0 0.969764 0.977204 0.054572 0.031416
0 0.011799 0.977204 0.022616 0.033511
0 0.235742 0.766715 0.013274 0.031416
0 0.217552 0.808080 0.014258 0.030369
0 0.212881 0.847350 0.013766 0.033511
0 0.243552 0.501977 0.015127 0.030611
0 0.306520 0.542254 0.014749 0.032222
0 0.760532 0.501171 0.014371 0.030611
0 0.895734 0.625225 0.013993 0.032222
0 0.061182 0.204384 0.088496 0.036070
0 0.169890 0.201475 0.107069 0.034907
0 0.291161 0.202057 0.111439 0.038398
0 0.398503 0.200893 0.087949 0.040725
0 0.513493 0.204384 0.116902 0.033743
0 0.607997 0.204384 0.045887 0.038398
0 0.668633 0.201475 0.054627 0.037234
4 0.369005 0.316668 0.377472 0.151263
0 0.733366 0.765802 0.014749 0.032580
0 0.768874 0.805945 0.014749 0.033743
4 0.276685 0.460368 0.193925 0.031416
4 0.214957 0.499929 0.070469 0.031416
4 0.279690 0.501092 0.052442 0.029089
4 0.246914 0.542399 0.134382 0.032580
4 0.227248 0.623848 0.095051 0.032580
4 0.211406 0.766966 0.063367 0.032580
4 0.202666 0.806527 0.044794 0.027925
4 0.200208 0.846670 0.038785 0.031416
4 0.736644 0.808272 0.081394 0.031416
4 0.718617 0.765802 0.045340 0.032580
4 0.793183 0.583705 0.193379 0.026762
4 0.798645 0.625012 0.208675 0.034907
4 0.731454 0.501674 0.071015 0.032580
4 0.795095 0.502838 0.050803 0.032580
2 0.728996 0.460949 0.066099 0.030253
2 0.976729 0.086282 0.025128 0.027925
2 0.253742 0.085701 0.099967 0.024435
2 0.375560 0.083374 0.117448 0.029089