3 0.260716 0.650229 0.016050 0.034492
3 0.260841 0.703600 0.016182 0.033872
3 0.260607 0.597367 0.016913 0.038326
3 0.260449 0.544478 0.016854 0.037263
0 0.583089 0.702915 0.023192 0.045682
5 0.511242 0.569894 0.561854 0.727483
0 0.131481 0.192078 0.024272 0.049943
3 0.260427 0.491684 0.015771 0.034186
0 0.582772 0.489698 0.023691 0.043850
0 0.582731 0.542674 0.023062 0.043433
0 0.294927 0.972338 0.023196 0.042712
4 0.477148 0.703848 0.084238 0.042669
0 0.640860 0.109431 0.041793 0.033856
4 0.477133 0.650856 0.084108 0.042142
4 0.483929 0.384961 0.095965 0.039466
3 0.260739 0.756496 0.016046 0.032574
0 0.324470 0.972639 0.023031 0.043201
0 0.376925 0.973031 0.023111 0.044365
4 0.544919 0.650742 0.052729 0.041675
4 0.429903 0.170809 0.083523 0.045647
0 0.400172 0.973210 0.022353 0.043452
0 0.527231 0.972024 0.143631 0.041535
0 0.423726 0.972522 0.022424 0.042196
4 0.476802 0.490413 0.083449 0.041053
0 0.248795 0.971813 0.023471 0.042100
0 0.066305 0.108980 0.085338 0.034919
0 0.742670 0.900272 0.060704 0.037588
0 0.839403 0.109673 0.053659 0.034744
0 0.272110 0.972104 0.021773 0.041543
4 0.476905 0.542562 0.083590 0.041781
0 0.348850 0.972708 0.023160 0.044586
0 0.688532 0.898792 0.030690 0.034580
0 0.009664 0.191437 0.019328 0.048006
2 0.894671 0.108785 0.039413 0.036890
0 0.528198 0.171297 0.022596 0.045325
4 0.476916 0.597724 0.083067 0.042049
0 0.556687 0.109279 0.110321 0.036012
0 0.329410 0.108519 0.099255 0.036353
3 0.260757 0.329575 0.014868 0.030918
0 0.194545 0.110015 0.153052 0.036681
0 0.737551 0.109488 0.135241 0.036809
4 0.541880 0.542710 0.046675 0.042462
4 0.541556 0.490061 0.045961 0.041264
4 0.937502 0.973054 0.043535 0.043594
4 0.544654 0.598654 0.052054 0.042582
0 0.977586 0.109633 0.044827 0.039277
0 0.526046 0.383303 0.017015 0.037710
3 0.260701 0.383352 0.014918 0.028941
0 0.033469 0.190196 0.020422 0.041982
4 0.541358 0.436797 0.045501 0.041350
0 0.440528 0.108950 0.106160 0.037190
4 0.493979 0.170637 0.044654 0.045615
0 0.782049 0.236827 0.017350 0.037405
2 0.050478 0.193851 0.017038 0.045879
2 0.100408 0.192937 0.015884 0.041535
3 0.260512 0.436994 0.014938 0.030220
4 0.477029 0.436644 0.084813 0.041829
0 0.036790 0.031483 0.021060 0.044501
0 0.989952 0.032220 0.020096 0.046830
0 0.957050 0.032480 0.022776 0.046145
0 0.924227 0.029875 0.023110 0.045496
4 0.934703 0.806468 0.057075 0.040183
1 0.577798 0.436815 0.014934 0.031315
0 0.083106 0.192937 0.018720 0.044052
2 0.109485 0.313135 0.217835 0.040276
2 0.108350 0.563601 0.214432 0.042793