0 0.369535 0.880841 0.023733 0.041327
0 0.069735 0.880169 0.024305 0.042196
0 0.192847 0.881692 0.023133 0.042378
0 0.322796 0.881244 0.021454 0.039351
0 0.039875 0.880087 0.023548 0.041941
0 0.345530 0.881333 0.022440 0.040361
0 0.222742 0.881276 0.023173 0.042069
0 0.188054 0.095239 0.030736 0.030977
0 0.246483 0.880646 0.022945 0.042541
0 0.146577 0.881461 0.023372 0.042008
0 0.093348 0.880548 0.021990 0.041393
0 0.934761 0.881202 0.024525 0.044392
0 0.116425 0.881044 0.022498 0.041833
0 0.388989 0.095631 0.049420 0.032297
0 0.331254 0.095694 0.049058 0.031964
2 0.766576 0.095454 0.038755 0.033348
0 0.299929 0.880836 0.021892 0.040077
0 0.725721 0.095528 0.025590 0.031362
1 0.037716 0.726348 0.011378 0.024754
0 0.676989 0.095938 0.052415 0.032476
4 0.169328 0.265009 0.039561 0.042931
0 0.169960 0.881858 0.021515 0.041632
0 0.540735 0.882016 0.123599 0.043643
0 0.468305 0.095492 0.091546 0.033637
0 0.830082 0.881744 0.137687 0.045102
0 0.255654 0.096308 0.086028 0.031401
4 0.166119 0.213450 0.032830 0.042772
0 0.896767 0.981966 0.072400 0.035725
4 0.168897 0.162302 0.037272 0.043631
0 0.276516 0.880361 0.023733 0.042833
0 0.015960 0.623748 0.022777 0.043065
0 0.968666 0.982998 0.062485 0.034004
0 0.582528 0.096994 0.121722 0.034816
0 0.976961 0.095990 0.045989 0.035582
0 0.936941 0.096174 0.017441 0.035237
0 0.085540 0.096238 0.157143 0.033374
1 0.059929 0.805621 0.019794 0.036603
0 0.911418 0.095881 0.017435 0.036152
4 0.380884 0.726588 0.111567 0.039362
0 0.060579 0.726745 0.018835 0.032856
4 0.093818 0.724954 0.043353 0.039909
1 0.038348 0.807241 0.011799 0.025638
4 0.093528 0.765526 0.044075 0.040271
1 0.037716 0.766573 0.012221 0.025638
0 0.444956 0.724691 0.016957 0.039123
4 0.873330 0.725505 0.095645 0.043116
4 0.650591 0.725256 0.117322 0.042989
4 0.568957 0.767764 0.044792 0.046036
4 0.650851 0.765640 0.116231 0.043716
4 0.874783 0.765065 0.098351 0.042945
4 0.651130 0.806361 0.115998 0.041979
4 0.768464 0.725068 0.121847 0.043729
1 0.060021 0.764919 0.019730 0.036900
4 0.228837 0.765761 0.032142 0.042205
4 0.093734 0.805546 0.044410 0.039545
0 0.520355 0.770692 0.016326 0.036980
4 0.768105 0.765212 0.119066 0.043790
4 0.283298 0.766678 0.078894 0.043919
4 0.874356 0.806455 0.097234 0.042109
4 0.228625 0.806329 0.032709 0.040273
0 0.434893 0.771878 0.219975 0.055697
4 0.767720 0.806736 0.117604 0.042387
4 0.381982 0.814935 0.109837 0.028650
4 0.492824 0.725821 0.076251 0.041383
4 0.482584 0.815925 0.094013 0.028863
0 0.953339 0.024378 0.023387 0.044197
0 0.987785 0.024597 0.022935 0.045324
4 0.560666 0.724841 0.063070 0.040775
0 0.919972 0.024153 0.023026 0.042049
0 0.020356 0.023549 0.019311 0.042886
4 0.561387 0.809905 0.062671 0.036727
4 0.127856 0.765845 0.024424 0.038881
4 0.127678 0.805922 0.024177 0.036963