4 0.214562 0.537454 0.091125 0.038942
4 0.270440 0.263068 0.283018 0.040582
4 0.206973 0.581804 0.076607 0.038376
4 0.179569 0.627760 0.022114 0.039208
0 0.157418 0.087010 0.075104 0.031739
2 0.306764 0.086774 0.035297 0.030250
4 0.145650 0.354061 0.035750 0.038857
0 0.065879 0.086812 0.094596 0.031842
0 0.243169 0.087066 0.073438 0.031272
4 0.138607 0.445344 0.022562 0.038739
0 0.974443 0.087027 0.045692 0.036912
4 0.135217 0.398874 0.017226 0.037602
0 0.417628 0.260166 0.016269 0.032769
0 0.923623 0.022310 0.020785 0.039830
0 0.031095 0.022873 0.020167 0.039980
0 0.953260 0.022686 0.021535 0.039432
0 0.984090 0.023068 0.019839 0.038962