4 0.212354 0.507229 0.098891 0.042482
4 0.396079 0.297157 0.385324 0.043425
0 0.024149 0.246069 0.023429 0.040365
1 0.045639 0.867816 0.016809 0.034662
0 0.627514 0.103863 0.026234 0.032458
4 0.394453 0.403547 0.388619 0.051263
4 0.520332 0.194564 0.210773 0.043162
0 0.336335 0.102716 0.048290 0.033779
4 0.243913 0.194042 0.084954 0.043728
4 0.759442 0.194183 0.085081 0.044960
2 0.245387 0.765380 0.173471 0.048950
0 0.706184 0.103505 0.114190 0.035471
0 0.486256 0.103588 0.120553 0.035876
0 0.194489 0.103122 0.030451 0.033048
1 0.066643 0.867678 0.020110 0.038045
0 0.580770 0.103641 0.051093 0.033626
0 0.393464 0.102871 0.049164 0.033237
1 0.045863 0.907541 0.015979 0.032687
0 0.093609 0.104939 0.157927 0.043710
1 0.066810 0.948203 0.020852 0.039036
0 0.260758 0.103402 0.084673 0.033737
0 0.976800 0.103129 0.046400 0.036156
1 0.660865 0.949054 0.021434 0.040869
2 0.790904 0.102553 0.038426 0.034251
4 0.183015 0.402589 0.038572 0.044705
2 0.122179 0.194527 0.159672 0.041139
1 0.045799 0.948573 0.016259 0.033167
1 0.660659 0.907328 0.020558 0.037781
1 0.660723 0.867640 0.020262 0.037159
4 0.175804 0.298679 0.025269 0.043223
4 0.557047 0.907437 0.124185 0.044187
1 0.066747 0.906796 0.020166 0.037013
0 0.024000 0.765408 0.022566 0.042144
0 0.909921 0.102457 0.018037 0.035496
0 0.936449 0.103138 0.018314 0.035617
4 0.730977 0.907616 0.080863 0.043299
0 0.095089 0.248925 0.073319 0.035943
4 0.731648 0.867307 0.081424 0.041992
4 0.557209 0.950548 0.124156 0.046945
4 0.099628 0.866207 0.044385 0.042398
4 0.731909 0.949757 0.081851 0.046628
4 0.142802 0.906931 0.046040 0.041064
4 0.099381 0.906014 0.044540 0.041147
4 0.431365 0.505069 0.334214 0.040793
4 0.557171 0.866601 0.123884 0.044561
4 0.896723 0.866682 0.043185 0.041934
4 0.823403 0.907728 0.105636 0.043805
4 0.283052 0.907559 0.142729 0.044225
0 0.024528 0.195060 0.024461 0.050590
4 0.284739 0.866852 0.143765 0.044638
4 0.283143 0.948840 0.142787 0.045581
2 0.642109 0.766710 0.288151 0.044199
4 0.896524 0.907268 0.043366 0.041775
0 0.044533 0.247272 0.014795 0.037091
4 0.143342 0.948863 0.046499 0.045085
4 0.141822 0.865851 0.043891 0.043023
0 0.897202 0.989314 0.068750 0.021371
0 0.215236 0.246897 0.126974 0.033227
4 0.099700 0.948867 0.043827 0.044894
4 0.824881 0.867374 0.108656 0.043019
4 0.634025 0.907046 0.032975 0.041898
4 0.896685 0.948294 0.043439 0.044333
4 0.425791 0.867061 0.143360 0.044283
4 0.425448 0.950241 0.143640 0.046790
4 0.824835 0.950050 0.109040 0.047237
4 0.426035 0.907714 0.145016 0.044609
4 0.634308 0.948527 0.033228 0.045058
4 0.633982 0.867280 0.032906 0.040180
0 0.027165 0.027507 0.020531 0.041716
4 0.177900 0.950115 0.024590 0.044168
4 0.201485 0.907622 0.024919 0.041508
0 0.919234 0.027551 0.021861 0.042042
4 0.201531 0.950330 0.025454 0.044693
0 0.952201 0.029683 0.022821 0.044135
4 0.178337 0.907511 0.024499 0.040692
0 0.912108 0.250172 0.018300 0.027206
0 0.986325 0.030137 0.023536 0.043791
0 0.967973 0.989408 0.064053 0.021184
4 0.681418 0.907426 0.021158 0.040726
4 0.681263 0.865576 0.018818 0.040294
4 0.681263 0.951064 0.019835 0.043561
4 0.177754 0.865031 0.022887 0.039205
4 0.201149 0.865576 0.023904 0.035938
0 0.322947 0.249126 0.060841 0.034213