4 0.344653 0.549680 0.146628 0.045694
4 0.291179 0.394969 0.040417 0.043846
4 0.313448 0.498366 0.087171 0.044536
4 0.344086 0.342428 0.147629 0.045237
4 0.505231 0.291772 0.087780 0.045841
4 0.503888 0.497906 0.084471 0.044214
4 0.534868 0.600714 0.146806 0.045607
4 0.312953 0.292032 0.084954 0.045803
4 0.345038 0.240267 0.145701 0.045871
4 0.482225 0.394806 0.040677 0.044601
4 0.535407 0.549670 0.146237 0.045411
4 0.344486 0.600930 0.146857 0.045012
4 0.533849 0.342360 0.148630 0.045185
4 0.279676 0.446088 0.017828 0.044724
4 0.534708 0.241233 0.147647 0.045884
0 0.623249 0.241150 0.031404 0.044347
0 0.623678 0.600896 0.030611 0.043936
0 0.088099 0.098570 0.152086 0.037044
0 0.623421 0.343527 0.030620 0.042801
0 0.968261 0.974491 0.052282 0.040658
4 0.470290 0.446171 0.018622 0.043481
4 0.290638 0.188603 0.038464 0.041204
0 0.623428 0.498297 0.031546 0.042701
0 0.623393 0.292553 0.030259 0.046103
2 0.193409 0.097417 0.039759 0.033495
0 0.969674 0.098364 0.050330 0.040820
0 0.623569 0.446821 0.030956 0.045923
0 0.623387 0.549725 0.030976 0.043278
0 0.623456 0.395108 0.031295 0.043099
0 0.317299 0.188052 0.019603 0.039144
0 0.027013 0.025394 0.020778 0.043208
0 0.912486 0.026657 0.023697 0.043394
0 0.946229 0.027526 0.023208 0.043804
0 0.979427 0.027230 0.022997 0.043252