0 0.330346 0.908185 0.022740 0.036238
0 0.353894 0.908037 0.022658 0.035921
0 0.034861 0.171577 0.020501 0.041811
4 0.784185 0.484197 0.102352 0.041428
4 0.480460 0.485143 0.202921 0.042855
4 0.784122 0.530949 0.101736 0.040627
4 0.538589 0.531231 0.086030 0.041006
4 0.554169 0.247309 0.316375 0.045221
0 0.135993 0.171509 0.024482 0.044416
4 0.438510 0.153272 0.085256 0.038380
4 0.422771 0.530819 0.086737 0.040713
0 0.430374 0.908844 0.021626 0.037778
0 0.300732 0.907296 0.023829 0.035569
4 0.776632 0.436581 0.086902 0.039221
2 0.445895 0.389078 0.133125 0.041598
0 0.067781 0.095484 0.087814 0.031030
4 0.503653 0.200004 0.045995 0.041376
4 0.437975 0.199639 0.085869 0.041216
4 0.446963 0.437309 0.131792 0.042252
0 0.336925 0.094876 0.101880 0.031768
0 0.253432 0.908428 0.021414 0.034586
0 0.568368 0.094982 0.113297 0.031564
0 0.875322 0.974398 0.072276 0.040991
0 0.009641 0.171562 0.019281 0.042413
0 0.384295 0.908479 0.023724 0.036385
2 0.054277 0.171631 0.020518 0.042925
0 0.276978 0.907803 0.021978 0.034394
0 0.197437 0.095285 0.155961 0.033328
2 0.104089 0.171659 0.020154 0.043649
0 0.449889 0.095180 0.108983 0.031407
2 0.766596 0.095295 0.038915 0.030692
0 0.660120 0.095131 0.053233 0.030106
1 0.259956 0.804642 0.013169 0.024313
1 0.260483 0.841112 0.013169 0.026340
0 0.538262 0.199571 0.023375 0.039863
1 0.368995 0.803629 0.013169 0.026340
0 0.717136 0.095467 0.042797 0.030128
0 0.407533 0.909010 0.022724 0.036586
0 0.949615 0.973403 0.061226 0.032984
0 0.537796 0.908831 0.147016 0.041873
0 0.295114 0.343918 0.058472 0.036678
0 0.957558 0.095477 0.049978 0.033187
1 0.368995 0.767665 0.013169 0.023300
1 0.368995 0.840605 0.012115 0.023300
0 0.085028 0.171442 0.021477 0.043069
4 0.861092 0.804911 0.113564 0.039584
4 0.956488 0.909394 0.046131 0.039946
1 0.863694 0.153186 0.015490 0.027878
4 0.860523 0.767466 0.113679 0.039420
1 0.260219 0.768314 0.011589 0.028651
0 0.376158 0.341526 0.068537 0.035838
4 0.561941 0.842746 0.164728 0.041108
0 0.552465 0.340021 0.043558 0.040288
4 0.709314 0.804572 0.132478 0.039643
0 0.439282 0.340771 0.025819 0.036688
2 0.111559 0.279854 0.222804 0.035649
0 0.491974 0.340251 0.045806 0.037025
4 0.860647 0.842016 0.113893 0.038561
4 0.562342 0.805048 0.163685 0.039597
4 0.433445 0.841624 0.095296 0.038860
0 0.123262 0.317112 0.200169 0.036588
4 0.789044 0.805224 0.031045 0.038844
0 0.037680 0.027949 0.021918 0.039006
4 0.708926 0.767766 0.132825 0.039515
0 0.933215 0.028788 0.023176 0.041133
0 0.722313 0.437278 0.015757 0.031076
4 0.789157 0.842358 0.031225 0.037423
0 0.121945 0.354086 0.199642 0.036599
0 0.899574 0.028807 0.023344 0.040261
0 0.121574 0.503121 0.200383 0.035451
0 0.967697 0.028798 0.023721 0.041116
4 0.709201 0.842132 0.131392 0.037656
4 0.972829 0.802776 0.025944 0.040274
0 0.122472 0.540790 0.198588 0.037583
0 0.122981 0.391967 0.197569 0.037054
0 0.121799 0.467768 0.200986 0.034843
0 0.122546 0.430399 0.198439 0.035359
0 0.123262 0.652176 0.195954 0.035457
0 0.122998 0.616213 0.195428 0.036470
0 0.121418 0.579236 0.198588 0.039509
4 0.434050 0.804135 0.092710 0.031405
4 0.972661 0.843138 0.025811 0.036470