4 0.207463 0.265881 0.148497 0.051224
4 0.552209 0.768859 0.071321 0.047948
4 0.598895 0.825734 0.163165 0.050093
0 0.085626 0.107708 0.040705 0.036735
0 0.034227 0.107674 0.044723 0.036966
4 0.595675 0.882824 0.156401 0.051284
4 0.210621 0.826667 0.156110 0.050833
4 0.153813 0.432458 0.040261 0.047199
4 0.153765 0.656117 0.040525 0.048970
4 0.210968 0.937330 0.155943 0.050907
4 0.211063 0.882043 0.155966 0.053159
4 0.153960 0.712404 0.040914 0.050366
4 0.146148 0.599566 0.025710 0.048138
0 0.318774 0.264094 0.031290 0.048464
4 0.537017 0.712072 0.040236 0.049426
4 0.153784 0.543119 0.040435 0.049091
2 0.134531 0.108071 0.039396 0.036921
4 0.153384 0.208041 0.036239 0.044091
4 0.153878 0.487919 0.040325 0.050543
4 0.879429 0.488789 0.158521 0.053305
0 0.062686 0.378859 0.057848 0.043166
4 0.334226 0.881420 0.032756 0.051856
4 0.334312 0.825352 0.032802 0.047796
0 0.180132 0.207672 0.019198 0.043444
4 0.209106 0.983784 0.150348 0.032431
4 0.883682 0.432194 0.167391 0.050058
4 0.893472 0.826266 0.153188 0.052875
0 0.127440 0.376454 0.036685 0.040072
4 0.574798 0.984569 0.116122 0.030861
4 0.141950 0.768962 0.018433 0.048612
4 0.892958 0.882909 0.152984 0.053761
0 0.188040 0.376876 0.057016 0.044696
0 0.974289 0.109062 0.050805 0.045307
0 0.273209 0.378000 0.084529 0.044166
0 0.426681 0.376725 0.077727 0.046445
0 0.352029 0.377099 0.042784 0.045459
0 0.522574 0.377049 0.084403 0.046250
0 0.916812 0.029190 0.022816 0.046671
0 0.950648 0.029366 0.022981 0.047579
0 0.598716 0.375795 0.038484 0.051267
0 0.026321 0.028705 0.020170 0.044382
0 0.984870 0.029892 0.023848 0.049164