0 0.361160 0.354522 0.225839 0.212727
0 0.361017 0.729365 0.227875 0.219144
0 0.255668 0.122775 0.089870 0.047130
0 0.079921 0.123940 0.090141 0.049227
0 0.167761 0.123188 0.089691 0.047036
0 0.458517 0.428253 0.025551 0.048707
4 0.901830 0.124681 0.176057 0.050278
2 0.174250 0.035071 0.128359 0.044216
0 0.106283 0.390687 0.200149 0.038504
0 0.458603 0.805125 0.026147 0.047952
0 0.106626 0.336952 0.198221 0.040629
0 0.067276 0.231830 0.124898 0.035873
0 0.047083 0.869328 0.083745 0.033748
0 0.047871 0.762788 0.084734 0.033126
0 0.048556 0.656372 0.084804 0.035197
0 0.105592 0.282929 0.198175 0.040435
0 0.106166 0.442775 0.202063 0.038816
0 0.060152 0.815993 0.109095 0.038068
0 0.079544 0.496001 0.148235 0.038174
0 0.039022 0.976399 0.066404 0.036190
0 0.053008 0.922517 0.095443 0.035693
0 0.041191 0.709681 0.071523 0.033700
0 0.080084 0.548375 0.149265 0.036871
0 0.064489 0.602340 0.116938 0.036605
0 0.034931 0.033389 0.021011 0.045462
0 0.972234 0.122103 0.020855 0.042485
0 0.981692 0.033106 0.021815 0.049774
0 0.915719 0.033348 0.023317 0.047267
0 0.949151 0.033684 0.023135 0.048450
0 0.946505 0.121922 0.012826 0.040900
0 0.018104 0.178650 0.031530 0.040228