2 0.214848 0.353416 0.168987 0.031770
0 0.455643 0.856692 0.017401 0.031061
4 0.155489 0.136643 0.061443 0.032802
4 0.165830 0.821724 0.060339 0.027536
0 0.275853 0.173299 0.017038 0.028380
4 0.187621 0.641520 0.114481 0.030929
4 0.225055 0.786309 0.178687 0.029745
2 0.418059 0.136879 0.126990 0.032173
4 0.332910 0.857665 0.021754 0.031114
4 0.241035 0.425623 0.224496 0.032368
4 0.338107 0.785775 0.042639 0.028548
4 0.302365 0.641211 0.116052 0.029986
0 0.276338 0.072096 0.048464 0.023720
0 0.489438 0.072518 0.035872 0.022379
4 0.242591 0.389629 0.224693 0.031952
4 0.271070 0.534239 0.278268 0.033852
4 0.166060 0.966626 0.061258 0.030328
0 0.448369 0.072495 0.035907 0.022722
2 0.563995 0.072737 0.029081 0.023053
2 0.197091 0.173702 0.141729 0.028673
0 0.187514 0.073236 0.046337 0.023527
0 0.063596 0.072223 0.107662 0.024442
4 0.243232 0.497191 0.224547 0.032890
4 0.243234 0.461466 0.226019 0.030780
4 0.146852 0.857632 0.021357 0.030542
0 0.140444 0.072650 0.035532 0.022725
0 0.041856 0.280405 0.029712 0.025654
0 0.985415 0.074208 0.029170 0.030242
0 0.231082 0.072995 0.027674 0.022663
0 0.365748 0.072925 0.117546 0.025828
4 0.310785 0.822411 0.226420 0.030173
0 0.102402 0.280583 0.065848 0.028390
0 0.171057 0.280347 0.050629 0.028939
0 0.528246 0.072839 0.029928 0.022709
0 0.224349 0.280376 0.033885 0.027381
0 0.295105 0.281492 0.088486 0.028228
0 0.217112 0.137321 0.013680 0.025247
0 0.363839 0.280776 0.027576 0.028011
0 0.430991 0.281812 0.085389 0.026968
0 0.973279 0.021753 0.018249 0.032171
0 0.527302 0.281791 0.085421 0.027505
0 0.020518 0.020784 0.015904 0.030706
0 0.994762 0.020929 0.010475 0.034104
0 0.948666 0.021580 0.017622 0.031508
4 0.165438 0.994830 0.059489 0.010230