0 0.247689 0.068404 0.018073 0.024478
0 0.226123 0.068430 0.019623 0.024871
0 0.516408 0.068795 0.020645 0.028120
4 0.133599 0.261067 0.034033 0.024211
2 0.101836 0.065616 0.119673 0.027068
0 0.196112 0.068137 0.019516 0.027129
4 0.154294 0.183107 0.072716 0.025205
4 0.180027 0.728888 0.128832 0.024422
4 0.301620 0.235414 0.046881 0.024434
4 0.181235 0.675947 0.127288 0.026914
0 0.269348 0.068271 0.018327 0.026047
0 0.487125 0.069921 0.021065 0.027651
4 0.180985 0.623921 0.127693 0.026976
4 0.180477 0.702221 0.128589 0.027364
1 0.283113 0.651546 0.014250 0.020506
4 0.180529 0.650046 0.129424 0.027392
0 0.465195 0.070230 0.021486 0.028040
0 0.176105 0.067586 0.018991 0.027063
4 0.180202 0.468821 0.128129 0.025906
4 0.342354 0.209607 0.128792 0.024477
4 0.133524 0.235035 0.034405 0.024625
4 0.146596 0.313283 0.061305 0.023972
4 0.180273 0.495015 0.128429 0.024996
4 0.132724 0.520801 0.034081 0.024606
2 0.190729 0.365335 0.163340 0.026822
4 0.129910 0.287367 0.026857 0.023906
0 0.415388 0.070065 0.018872 0.026113
4 0.147013 0.780366 0.060182 0.023773
0 0.024262 0.143308 0.022380 0.026551
4 0.160096 0.209559 0.087397 0.024159
4 0.153335 0.884344 0.075519 0.025285
0 0.183076 0.023998 0.026751 0.017437
4 0.257724 0.443158 0.028380 0.025798
4 0.294996 0.313312 0.033097 0.024770
4 0.180631 0.598943 0.128812 0.025902
4 0.291603 0.285951 0.026850 0.025617
0 0.021983 0.067966 0.020939 0.027569
0 0.538396 0.068525 0.020852 0.027494
0 0.298442 0.069387 0.019545 0.028129
0 0.436480 0.070279 0.019833 0.027006
0 0.393928 0.069634 0.018932 0.026690
0 0.371022 0.068917 0.021265 0.028443
0 0.320429 0.069245 0.018528 0.028793
1 0.282963 0.676340 0.014407 0.020811
4 0.153890 0.910025 0.074652 0.025575
1 0.282754 0.599860 0.014769 0.020891
4 0.179654 0.443391 0.128935 0.025236
4 0.220895 0.884040 0.060939 0.025183
0 0.235532 0.142305 0.086055 0.022954
4 0.328083 0.780225 0.059847 0.023450
1 0.282857 0.702213 0.014195 0.020559
0 0.148203 0.024112 0.020532 0.018389
4 0.153382 0.935176 0.073431 0.024328
0 0.091230 0.024593 0.069398 0.019837
1 0.283054 0.625570 0.014307 0.020404
0 0.116978 0.142088 0.110115 0.023151
4 0.140573 0.754088 0.046843 0.024803
4 0.139185 0.806199 0.048939 0.024232
0 0.342960 0.068682 0.019194 0.028759
4 0.257404 0.728656 0.027752 0.023149
1 0.283007 0.728441 0.015088 0.020477
4 0.257425 0.702362 0.027713 0.025130
0 0.374004 0.024816 0.039864 0.016082
0 0.314212 0.024594 0.060463 0.016338
0 0.087193 0.547451 0.151539 0.025365
4 0.257112 0.598875 0.026872 0.024969
0 0.240687 0.024606 0.063451 0.017903
4 0.257967 0.650457 0.028154 0.024684
0 0.417627 0.025118 0.024969 0.017181
4 0.258049 0.624940 0.028677 0.024203
0 0.088758 0.391763 0.150601 0.024609
1 0.290677 0.365165 0.014208 0.020027
0 0.067528 0.024344 0.118243 0.020669
4 0.257195 0.676346 0.027122 0.024951
4 0.221070 0.910202 0.060005 0.026107
4 0.221853 0.938029 0.060226 0.024616