4 0.267752 0.663000 0.134768 0.036205
4 0.242076 0.421465 0.086591 0.036583
4 0.162190 0.179767 0.104886 0.038330
0 0.869236 0.973868 0.076352 0.039657
4 0.241846 0.711862 0.087289 0.035800
4 0.234619 0.615013 0.071043 0.035155
4 0.145918 0.228655 0.072382 0.037144
4 0.218611 0.566656 0.038891 0.037424
4 0.258549 0.179997 0.040939 0.040064
4 0.242295 0.759236 0.086713 0.035772
4 0.251194 0.471026 0.104519 0.036582
0 0.954415 0.094063 0.055255 0.040241
4 0.667049 0.228370 0.040973 0.040317
0 0.175980 0.323963 0.099392 0.038968
0 0.350667 0.323705 0.048211 0.040383
0 0.948140 0.974079 0.067964 0.037898
2 0.044273 0.092848 0.043576 0.035250
0 0.419863 0.323454 0.063618 0.041327
0 0.277067 0.323271 0.068021 0.040238
0 0.490247 0.323847 0.049866 0.041747
0 0.558251 0.324122 0.056437 0.039860
0 0.075423 0.323127 0.067674 0.037760
0 0.036797 0.024266 0.024119 0.041972
0 0.929735 0.025970 0.025680 0.043653
0 0.894531 0.024291 0.024660 0.040898
0 0.964863 0.025014 0.026304 0.043686