0 0.300161 0.078515 0.037203 0.024922
4 0.324542 0.581973 0.036613 0.031316
4 0.415028 0.427675 0.118958 0.033501
4 0.264946 0.581632 0.069131 0.030432
4 0.198784 0.581295 0.038082 0.031429
0 0.930568 0.963017 0.027316 0.030517
0 0.356628 0.079049 0.048409 0.024770
4 0.198593 0.621296 0.037369 0.031434
4 0.689651 0.149368 0.032105 0.031113
4 0.139810 0.581870 0.069771 0.031309
2 0.777314 0.078818 0.035177 0.024406
0 0.638924 0.079752 0.100175 0.026201
4 0.412439 0.388260 0.113494 0.033555
4 0.162226 0.428442 0.113803 0.031989
4 0.323802 0.621142 0.036670 0.031023
4 0.230238 0.389334 0.024479 0.031285
0 0.488464 0.079311 0.050084 0.024337
4 0.496804 0.387246 0.045742 0.032968
0 0.724482 0.078823 0.046266 0.025199
4 0.390259 0.582683 0.068999 0.031191
4 0.443290 0.775400 0.024113 0.031851
4 0.689761 0.187777 0.032174 0.032201
0 0.422470 0.079190 0.055476 0.025059
4 0.139849 0.621218 0.068778 0.031224
0 0.550860 0.079081 0.049439 0.024708
0 0.121443 0.078665 0.046813 0.025740
0 0.050285 0.081115 0.068016 0.030112
4 0.390226 0.621810 0.068706 0.031620
0 0.213691 0.079252 0.108884 0.025680
4 0.489467 0.189068 0.258945 0.032923
4 0.264636 0.621048 0.068124 0.029992
4 0.390058 0.660294 0.068756 0.030271
0 0.376413 0.226996 0.030703 0.031138
0 0.049817 0.305621 0.039594 0.028063
4 0.449130 0.620853 0.036865 0.030240
2 0.171406 0.775796 0.133722 0.031286
4 0.443120 0.853875 0.025297 0.029121
4 0.264932 0.659900 0.068816 0.030293
4 0.443538 0.815560 0.025201 0.030037
0 0.112645 0.303776 0.058479 0.030948
0 0.969739 0.961947 0.034409 0.029971
0 0.321204 0.303391 0.057716 0.031209
0 0.462878 0.304640 0.051981 0.031981
0 0.191170 0.303225 0.073468 0.030344
0 0.259497 0.302632 0.039647 0.030069
0 0.536699 0.303011 0.070613 0.031425
4 0.143796 0.149060 0.081215 0.030755
0 0.393533 0.303891 0.060629 0.031127
4 0.162523 0.391894 0.113238 0.025672
4 0.111998 0.892372 0.013674 0.029735
4 0.442820 0.891453 0.025114 0.029721
4 0.232279 0.189006 0.256085 0.033281
0 0.201692 0.149955 0.028371 0.032652
0 0.609967 0.303365 0.053079 0.029499
0 0.903536 0.026022 0.020472 0.033171
0 0.975760 0.350384 0.011973 0.022805
0 0.930477 0.025764 0.019312 0.033354
0 0.875506 0.025467 0.019712 0.033887
0 0.041390 0.025749 0.017123 0.032431
0 0.958702 0.025627 0.019619 0.034129
0 0.969809 0.080017 0.021703 0.028269
4 0.200098 0.148982 0.029363 0.032675