5 0.499584 0.498487 0.651237 0.873880
0 0.718638 0.910135 0.021808 0.030767
0 0.937391 0.081674 0.020211 0.032081
0 0.866659 0.082620 0.073423 0.031392
0 0.917025 0.081735 0.019497 0.032169
0 0.889505 0.257900 0.021551 0.034140
0 0.753154 0.909802 0.031332 0.025648
0 0.796187 0.910277 0.035289 0.025741
0 0.955182 0.257876 0.020182 0.032764
0 0.382133 0.183471 0.076750 0.031462
2 0.069161 0.086888 0.083487 0.033577
0 0.401512 0.411540 0.098140 0.029108
0 0.962556 0.079264 0.015739 0.027724
1 0.044356 0.343591 0.013890 0.025481
0 0.431384 0.183650 0.021651 0.032585
0 0.145857 0.082282 0.050718 0.034711
1 0.043384 0.435841 0.010804 0.021942
0 0.914283 0.258417 0.018240 0.031564
0 0.934978 0.258375 0.016681 0.031357
4 0.581203 0.184070 0.257785 0.034797
2 0.258119 0.182703 0.152867 0.033902
1 0.044083 0.373323 0.013187 0.025450
1 0.043433 0.466989 0.011462 0.019778
0 0.377978 0.372803 0.053099 0.026571
0 0.394124 0.334377 0.084643 0.026777
4 0.093385 0.173943 0.147546 0.032283
0 0.950524 0.173247 0.017957 0.030380
0 0.728599 0.182788 0.016186 0.029217
1 0.043155 0.405195 0.011262 0.019251
0 0.158901 0.173634 0.015552 0.026793
1 0.043200 0.558757 0.011172 0.018721
1 0.043166 0.495557 0.011997 0.016848
4 0.902331 0.765374 0.050642 0.032831
0 0.844679 0.257909 0.020044 0.032373
4 0.902443 0.523300 0.050537 0.032259
0 0.371880 0.295381 0.040935 0.024487
0 0.748908 0.183088 0.014639 0.029075
4 0.902401 0.613860 0.050978 0.029607
0 0.187428 0.228771 0.013272 0.024632
4 0.902746 0.584097 0.052356 0.032254
0 0.958362 0.025455 0.018551 0.034075
4 0.902406 0.704673 0.050768 0.030507
4 0.902686 0.674698 0.050739 0.031339
1 0.042487 0.526636 0.011085 0.020405
4 0.902720 0.916379 0.051161 0.031277
4 0.902605 0.826293 0.052266 0.032092
0 0.903353 0.024953 0.018974 0.034134
0 0.406672 0.254703 0.116614 0.028487
0 0.930539 0.025239 0.019410 0.033997
0 0.041553 0.025460 0.018264 0.033088
4 0.902313 0.796169 0.051446 0.032877
4 0.902302 0.855872 0.050968 0.029801
4 0.902335 0.553922 0.051499 0.032597
4 0.902483 0.886533 0.051022 0.032387
2 0.864739 0.258105 0.019072 0.033239
1 0.042438 0.588316 0.011183 0.020704
4 0.902632 0.644757 0.051269 0.032882
4 0.903088 0.464987 0.049488 0.027583
4 0.902559 0.735028 0.052286 0.031762
4 0.852300 0.584136 0.051743 0.030090
4 0.852155 0.613544 0.051997 0.029804
1 0.043601 0.308277 0.013986 0.026994
4 0.852242 0.674867 0.051954 0.031870
0 0.219840 0.228100 0.040723 0.025133
4 0.852054 0.704943 0.051771 0.031871
4 0.852033 0.523095 0.052385 0.032660
4 0.852117 0.554065 0.052214 0.032505
4 0.852046 0.644680 0.052121 0.033119
4 0.902826 0.493050 0.051410 0.031701
4 0.890832 0.172402 0.130689 0.029347
0 0.374877 0.216070 0.052852 0.024997
0 0.189897 0.135724 0.023353 0.047613
1 0.043941 0.617804 0.007989 0.016665
1 0.044059 0.647918 0.009455 0.019778
1 0.043870 0.678684 0.010589 0.018313
1 0.044059 0.708716 0.009455 0.019778
1 0.043681 0.738749 0.010211 0.018313
1 0.043681 0.769881 0.008698 0.017580
1 0.043302 0.800646 0.009455 0.017580
1 0.043870 0.829580 0.008320 0.016848
1 0.043491 0.860345 0.008320 0.019778
1 0.043491 0.890744 0.009076 0.017580
1 0.043491 0.920777 0.008320 0.016115
0 0.947546 0.344661 0.008698 0.022708
0 0.948869 0.372130 0.010589 0.021975
0 0.948113 0.404360 0.009833 0.020510
0 0.947546 0.432562 0.010211 0.019778
0 0.947546 0.463693 0.009455 0.020510
0 0.948302 0.494458 0.009455 0.019045
0 0.948491 0.525224 0.009076 0.020510
0 0.947735 0.555989 0.011346 0.020510
0 0.947356 0.587487 0.012102 0.021975
0 0.947356 0.616421 0.010589 0.018313
0 0.947546 0.646453 0.009455 0.022708
0 0.948491 0.676852 0.009833 0.019045
0 0.947924 0.708350 0.010967 0.017580
0 0.947167 0.736552 0.008698 0.021243
0 0.948113 0.767317 0.010589 0.019778
0 0.947924 0.798448 0.010967 0.020510
0 0.948302 0.828847 0.007942 0.019778
0 0.948302 0.857781 0.009455 0.019045
0 0.946789 0.889279 0.009455 0.016115
0 0.947924 0.919312 0.007942 0.017580
4 0.851297 0.736185 0.051433 0.032230
4 0.851675 0.768049 0.049921 0.031498
4 0.851108 0.798448 0.051055 0.030765
4 0.851486 0.828481 0.049542 0.032230
4 0.851297 0.860345 0.049921 0.030033
4 0.851108 0.890012 0.051055 0.030765
4 0.851108 0.920044 0.051812 0.030765
4 0.851643 0.344805 0.052385 0.031523
4 0.901739 0.342343 0.050860 0.030538
4 0.902757 0.374358 0.050860 0.033493
4 0.902502 0.405881 0.049334 0.033493
4 0.901485 0.436419 0.050351 0.029553
4 0.850880 0.374851 0.051877 0.026598
4 0.851643 0.403911 0.052385 0.029553
4 0.851134 0.433956 0.052385 0.030538
4 0.850880 0.464494 0.053911 0.030538
4 0.851897 0.493555 0.052894 0.027583
4 0.093836 0.342835 0.079849 0.031523
4 0.093836 0.372881 0.079849 0.028568
4 0.093327 0.401941 0.079849 0.031523
4 0.093327 0.432971 0.079849 0.034478
4 0.093582 0.464987 0.078324 0.029553
4 0.093836 0.495525 0.080867 0.031523
4 0.093327 0.526063 0.081884 0.033493
4 0.093582 0.557093 0.080358 0.032508
4 0.093836 0.585168 0.077815 0.027583
4 0.093836 0.616692 0.079849 0.031523
4 0.093836 0.647229 0.079849 0.031523
4 0.093073 0.676782 0.080358 0.031523
4 0.093836 0.707320 0.078832 0.029553
4 0.093073 0.736873 0.078324 0.031523
4 0.094599 0.767904 0.079341 0.032508
4 0.094344 0.798441 0.077815 0.032508
4 0.093836 0.829472 0.079849 0.029553
4 0.093836 0.860502 0.080867 0.030538
4 0.093327 0.890548 0.079849 0.029553
4 0.093582 0.919608 0.077306 0.028568