5 0.499032 0.502986 0.653854 0.915966
0 0.718706 0.930943 0.021892 0.029215
0 0.752770 0.929628 0.031590 0.025529
0 0.937387 0.081668 0.020211 0.032067
0 0.889538 0.257915 0.021484 0.033924
0 0.917011 0.081744 0.019468 0.032176
0 0.263934 0.110750 0.160482 0.034029
0 0.866201 0.082359 0.074328 0.031017
2 0.392756 0.202175 0.098576 0.033359
0 0.747132 0.111354 0.156103 0.034437
0 0.955310 0.258261 0.019865 0.032291
2 0.263146 0.203016 0.142965 0.032133
0 0.796661 0.930437 0.036029 0.025770
2 0.259818 0.280228 0.148254 0.033902
4 0.581699 0.280528 0.256758 0.035891
2 0.392392 0.280598 0.096451 0.034272
0 0.728516 0.241092 0.016400 0.028938
0 0.728550 0.201823 0.015804 0.028646
2 0.069206 0.086903 0.083484 0.033615
0 0.962554 0.079258 0.015727 0.027781
0 0.935198 0.258300 0.017425 0.030649
4 0.579973 0.203515 0.257404 0.034774
0 0.845009 0.257956 0.018884 0.030257
0 0.914083 0.258157 0.018125 0.031158
2 0.260625 0.241272 0.147613 0.030338
0 0.950537 0.173290 0.017855 0.030431
4 0.094195 0.173901 0.148877 0.032599
2 0.392264 0.241663 0.097282 0.032440
0 0.158625 0.172904 0.014617 0.025643
4 0.581935 0.242115 0.257745 0.034321
0 0.728659 0.280147 0.016626 0.029307
0 0.146555 0.080366 0.052279 0.033956
0 0.748632 0.280078 0.014576 0.029427
0 0.585701 0.111712 0.164385 0.029120
0 0.958361 0.025464 0.018671 0.034127
0 0.903376 0.024978 0.018995 0.034209
0 0.930535 0.025249 0.019457 0.034059
0 0.041544 0.025462 0.018386 0.033131
0 0.864623 0.258216 0.019136 0.032783
4 0.892052 0.172416 0.133300 0.028933
0 0.423304 0.110483 0.159292 0.032377
0 0.188299 0.155716 0.016716 0.023806
0 0.187316 0.328551 0.015733 0.028568
1 0.044248 0.310458 0.009833 0.019045