0 0.935077 0.743588 0.017091 0.029506
4 0.331000 0.579643 0.272756 0.031127
0 0.825790 0.962410 0.048614 0.031165
0 0.934617 0.501260 0.017084 0.029590
4 0.332260 0.618698 0.272049 0.031477
0 0.935603 0.463631 0.017029 0.028576
0 0.476551 0.579891 0.017032 0.030755
0 0.476303 0.540063 0.016956 0.031755
0 0.934689 0.539793 0.017455 0.031221
0 0.935904 0.705926 0.017038 0.029059
4 0.790040 0.666842 0.273945 0.029530
0 0.476764 0.463306 0.016792 0.029126
0 0.934775 0.781658 0.017766 0.030820
4 0.790559 0.463827 0.274579 0.032478
0 0.953795 0.116261 0.027171 0.031267
0 0.872137 0.961521 0.030088 0.027842
4 0.333883 0.465079 0.273730 0.030483
4 0.789303 0.541785 0.269450 0.033331
0 0.917314 0.961727 0.040140 0.028064
4 0.789289 0.784179 0.268855 0.033092
4 0.334693 0.503090 0.271097 0.031015
4 0.790144 0.503209 0.270540 0.031040
0 0.476394 0.501816 0.017229 0.030416
0 0.301760 0.308019 0.061121 0.035273
4 0.790103 0.745019 0.270494 0.030366
4 0.334421 0.541977 0.271448 0.033014
0 0.935101 0.668109 0.018399 0.030882
4 0.789515 0.706376 0.273758 0.031216
2 0.136872 0.063562 0.059255 0.031835
0 0.476687 0.618819 0.017813 0.031904
0 0.964137 0.961893 0.033223 0.026247
0 0.202306 0.304656 0.104002 0.038970
0 0.080508 0.303744 0.110302 0.037691
0 0.045035 0.061930 0.017805 0.034016
0 0.021290 0.018179 0.037327 0.023309
0 0.956235 0.017305 0.014954 0.022915
0 0.927199 0.018111 0.016478 0.022870
0 0.925363 0.063100 0.020956 0.034918
0 0.984889 0.016987 0.014086 0.023059
1 0.200504 0.908944 0.012258 0.023087
0 0.954973 0.063072 0.020018 0.034610
0 0.894916 0.061726 0.018815 0.033415
4 0.347430 0.913741 0.284291 0.033574
0 0.896027 0.018649 0.013867 0.024993