0 0.303717 0.626963 0.018926 0.032162
0 0.083313 0.276068 0.017588 0.033216
0 0.303781 0.586905 0.019434 0.031423
0 0.020707 0.465790 0.018675 0.031245
0 0.284515 0.587302 0.018819 0.031246
0 0.507812 0.275598 0.019557 0.034553
0 0.284861 0.626657 0.018555 0.032450
0 0.040441 0.275567 0.017957 0.034386
0 0.342152 0.275713 0.018769 0.033068
0 0.320563 0.276258 0.018041 0.033077
0 0.377769 0.079174 0.030439 0.024401
0 0.061583 0.275862 0.018858 0.033781
0 0.131293 0.276548 0.017468 0.032965
0 0.105009 0.276403 0.019987 0.034006
0 0.485512 0.276015 0.019711 0.034157
0 0.173148 0.276270 0.019786 0.035098
0 0.906998 0.963972 0.026163 0.030073
0 0.425648 0.079242 0.036869 0.024347
0 0.484321 0.466178 0.017928 0.029773
4 0.209824 0.627174 0.032907 0.032777
0 0.285342 0.703458 0.019413 0.030378
4 0.210004 0.587692 0.033122 0.033143
0 0.312792 0.079881 0.072693 0.026508
0 0.066829 0.079908 0.097501 0.026420
4 0.210020 0.665887 0.033779 0.033036
2 0.630004 0.080131 0.035894 0.026182
0 0.145183 0.079591 0.032958 0.024590
0 0.284915 0.665696 0.018942 0.032136
0 0.938594 0.963411 0.024328 0.026209
4 0.209944 0.703930 0.032517 0.034003
0 0.119085 0.506264 0.027802 0.027832
0 0.493993 0.079894 0.074081 0.026294
0 0.571341 0.080273 0.055613 0.027578
0 0.303963 0.548745 0.019139 0.031491
0 0.218725 0.079913 0.088350 0.026181
0 0.502976 0.465822 0.018856 0.030141
0 0.284559 0.548757 0.018684 0.032319
0 0.020195 0.232533 0.018788 0.032311
2 0.414213 0.276390 0.025326 0.033433
0 0.339898 0.233353 0.019348 0.031070
0 0.214912 0.276475 0.048949 0.034820
0 0.344145 0.189873 0.087358 0.025000
4 0.239118 0.149618 0.197002 0.034702
0 0.344963 0.148818 0.018140 0.030884
4 0.210079 0.549027 0.032975 0.033160
1 0.038104 0.387157 0.014309 0.028103
0 0.974692 0.963001 0.034224 0.026066
0 0.295786 0.232582 0.018060 0.031688
0 0.162500 0.189112 0.027772 0.026440
0 0.068755 0.505278 0.045183 0.028011
0 0.262498 0.190564 0.046174 0.028597
0 0.055451 0.188812 0.057667 0.029360
0 0.378064 0.232848 0.019533 0.030635
0 0.487980 0.188632 0.044525 0.030168
2 0.158433 0.232470 0.265785 0.035283
0 0.147537 0.276564 0.015276 0.033385
1 0.038400 0.355263 0.014762 0.028696
4 0.484781 0.232224 0.069501 0.031788
0 0.358660 0.233666 0.016883 0.030308
0 0.116567 0.188190 0.038812 0.027216
2 0.459571 0.276146 0.015233 0.033784
4 0.180229 0.356291 0.071172 0.029997
0 0.427285 0.189321 0.050532 0.026101
4 0.397379 0.356347 0.115626 0.032363
0 0.545345 0.189083 0.049016 0.029189
0 0.181868 0.505376 0.066565 0.025558
0 0.444682 0.276083 0.016639 0.033427
0 0.208012 0.189638 0.039854 0.028086
0 0.261783 0.505456 0.069289 0.028240
2 0.376930 0.276232 0.027450 0.031928
4 0.720906 0.355842 0.051202 0.032013
4 0.278259 0.356638 0.124744 0.031204
0 0.274920 0.276302 0.057620 0.031727
4 0.834616 0.355980 0.074173 0.031291
0 0.315461 0.232963 0.019303 0.031423
4 0.498901 0.356428 0.093989 0.031673
4 0.095976 0.355129 0.041277 0.031967
4 0.130694 0.355318 0.028865 0.031578
0 0.903060 0.025969 0.019493 0.033455
0 0.969860 0.080401 0.022694 0.027984
0 0.875696 0.025397 0.020051 0.033948
0 0.930061 0.026100 0.018929 0.034556
0 0.375471 0.275630 0.027993 0.032136
0 0.958438 0.025636 0.026799 0.040940
0 0.041349 0.025432 0.018071 0.033383
4 0.662498 0.355893 0.065998 0.030612
0 0.334213 0.504644 0.048033 0.026409
4 0.586879 0.356586 0.083223 0.030610
4 0.771487 0.356089 0.049295 0.031250
0 0.404498 0.276258 0.019019 0.032672
2 0.252212 0.466823 0.443068 0.028568