0 0.662497 0.323705 0.110296 0.218050
0 0.205235 0.322931 0.110808 0.221078
0 0.434740 0.323837 0.110302 0.219331
0 0.319907 0.323342 0.114812 0.219484
0 0.090512 0.679546 0.110524 0.216933
0 0.678928 0.102826 0.057862 0.033523
0 0.759541 0.101915 0.080294 0.034684
0 0.853021 0.102523 0.083853 0.034340
0 0.090421 0.323340 0.108994 0.216704
0 0.590039 0.103651 0.095942 0.035725
0 0.383805 0.102356 0.089733 0.033954
0 0.483282 0.102512 0.084833 0.033872
2 0.500323 0.024900 0.053692 0.030810
0 0.549688 0.323443 0.111291 0.222191
0 0.073037 0.102907 0.081957 0.033971
0 0.928262 0.024016 0.018144 0.030612
0 0.225506 0.102495 0.200071 0.038578
0 0.956130 0.025036 0.019276 0.029634
0 0.901147 0.023798 0.017368 0.030501
0 0.872611 0.023459 0.018508 0.030249
0 0.043252 0.024829 0.018140 0.032641
2 0.954896 0.102773 0.016177 0.028568