0 0.550699 0.303726 0.109249 0.217635
0 0.778205 0.306906 0.112478 0.212829
0 0.662983 0.305333 0.109443 0.217060
0 0.892017 0.305226 0.109110 0.219948
0 0.205836 0.746225 0.110464 0.219477
0 0.205944 0.307764 0.111738 0.216980
0 0.549275 0.746147 0.110340 0.218744
0 0.320143 0.305636 0.113190 0.218556
0 0.433637 0.305943 0.111276 0.215927
0 0.778444 0.524656 0.111372 0.221581
0 0.292607 0.100572 0.085047 0.034619
0 0.434994 0.745375 0.109731 0.215872
0 0.091317 0.748595 0.109457 0.217311
0 0.547504 0.100383 0.128986 0.034473
0 0.662249 0.523801 0.110144 0.217959
0 0.183171 0.100703 0.111568 0.035273
0 0.408815 0.100580 0.128528 0.034544
0 0.841604 0.100480 0.133985 0.034042
0 0.891580 0.525623 0.110498 0.220015
0 0.693046 0.100911 0.140087 0.033982
0 0.206467 0.522206 0.108737 0.215967
0 0.320310 0.523702 0.112009 0.214672
0 0.205377 0.963129 0.111232 0.067799
0 0.320065 0.746304 0.114084 0.220621
0 0.433680 0.524913 0.110647 0.221540
2 0.100612 0.025380 0.047087 0.034515
0 0.091199 0.306755 0.105862 0.216810
0 0.663658 0.747916 0.108712 0.215249
0 0.092013 0.963074 0.109558 0.066297
0 0.090799 0.524705 0.110138 0.219914
0 0.550541 0.525463 0.109556 0.223718
0 0.097325 0.100871 0.036400 0.031483
0 0.925918 0.100950 0.015765 0.029917
0 0.046541 0.101960 0.016566 0.032081
0 0.903739 0.026036 0.020364 0.033259
0 0.875689 0.025323 0.019877 0.033711
0 0.958969 0.025801 0.019812 0.034315
0 0.930486 0.026135 0.019337 0.034159
2 0.954951 0.100420 0.017687 0.031588