2 0.168050 0.434952 0.205646 0.119794
0 0.461194 0.438292 0.164704 0.098716
0 0.806378 0.437937 0.191020 0.101186
0 0.627276 0.438905 0.128321 0.099109
0 0.298846 0.435303 0.030034 0.094750
0 0.274816 0.679245 0.125351 0.097471
0 0.454753 0.683518 0.180938 0.102357
0 0.833840 0.899626 0.036877 0.120806
0 0.346486 0.434391 0.029627 0.085910
0 0.659274 0.684578 0.176201 0.104070
4 0.580315 0.899276 0.455446 0.109857
0 0.109533 0.677578 0.138981 0.104893
4 0.242498 0.898620 0.207884 0.113403
0 0.035737 0.436895 0.032041 0.104538
0 0.858359 0.678487 0.172139 0.098665
0 0.025125 0.058978 0.027751 0.075984
0 0.934603 0.431933 0.028489 0.103297
0 0.962385 0.693717 0.030214 0.071822
4 0.409846 0.902785 0.100226 0.091322
0 0.033186 0.225867 0.030973 0.109653