4 0.294489 0.393463 0.040055 0.041799
0 0.149933 0.023804 0.031660 0.031213
2 0.080105 0.157540 0.132563 0.041665
2 0.514671 0.158693 0.052464 0.035012
4 0.293426 0.344383 0.037268 0.040692
0 0.111431 0.023596 0.027531 0.032032
0 0.062432 0.024730 0.050819 0.032865
4 0.293705 0.442706 0.038778 0.042355
0 0.197730 0.023359 0.043702 0.030161
0 0.299381 0.159616 0.020943 0.034022
4 0.290732 0.491196 0.033573 0.044665
0 0.398354 0.159778 0.146787 0.035110
0 0.214821 0.159585 0.110041 0.033681
0 0.321487 0.344717 0.018559 0.040978
0 0.245174 0.024100 0.031058 0.033671
0 0.019968 0.021949 0.019025 0.030517
0 0.025800 0.084563 0.019103 0.037552