0 0.282730 0.095786 0.019974 0.038340
0 0.257346 0.095598 0.020681 0.038416
4 0.616833 0.746485 0.176193 0.042769
4 0.617338 0.629007 0.177128 0.042303
4 0.616926 0.864125 0.176364 0.042713
0 0.593515 0.095987 0.021340 0.040154
0 0.308518 0.095733 0.020279 0.038889
0 0.258320 0.212391 0.020112 0.035827
4 0.748426 0.864009 0.088949 0.042296
4 0.617009 0.786344 0.176135 0.040024
4 0.397752 0.863865 0.218479 0.043108
4 0.401695 0.589993 0.213528 0.041283
4 0.397529 0.746379 0.218089 0.043042
4 0.518182 0.786264 0.022954 0.041278
4 0.399000 0.707063 0.219593 0.042070
4 0.398521 0.628911 0.217257 0.042362
4 0.518136 0.668713 0.022997 0.041310
4 0.805475 0.629017 0.024133 0.041153
4 0.903210 0.629113 0.171264 0.042636
4 0.617249 0.824622 0.175739 0.042283
4 0.747810 0.746624 0.089164 0.041954
0 0.315786 0.212648 0.021522 0.038963
4 0.903259 0.746370 0.173730 0.042934
0 0.229550 0.211548 0.021156 0.032443
0 0.287330 0.212794 0.021848 0.037506
4 0.518164 0.903673 0.023088 0.041405
4 0.903119 0.864883 0.174010 0.043697
4 0.617392 0.706990 0.175601 0.041684
4 0.748474 0.903071 0.090886 0.039732
4 0.270107 0.471695 0.040101 0.039489
4 0.748112 0.628923 0.089577 0.041911
4 0.398972 0.941891 0.219893 0.041775
0 0.224490 0.095288 0.022589 0.041288
4 0.400317 0.824725 0.215907 0.042268
4 0.747580 0.785483 0.088606 0.039979
4 0.617096 0.668696 0.176468 0.039638
4 0.805518 0.746597 0.024220 0.041388
0 0.344679 0.213590 0.021985 0.037466
4 0.748375 0.941944 0.090067 0.040770
4 0.617308 0.941780 0.175533 0.041973
4 0.617336 0.589431 0.176294 0.042305
0 0.451491 0.096593 0.023120 0.040426
0 0.166011 0.026624 0.031130 0.026968
4 0.270844 0.628681 0.040969 0.041391
4 0.270822 0.746170 0.040808 0.041820
4 0.902248 0.824527 0.171905 0.042139
4 0.518171 0.746817 0.023183 0.040731
4 0.804674 0.550903 0.025352 0.040560
4 0.270011 0.353731 0.039623 0.039172
4 0.518168 0.864347 0.023253 0.040612
4 0.517930 0.551868 0.022438 0.042009
4 0.399307 0.668542 0.221114 0.040309
0 0.222440 0.026491 0.056346 0.028102
4 0.270555 0.511387 0.040533 0.040100
4 0.903361 0.707802 0.170961 0.039895
4 0.616879 0.903693 0.176191 0.039971
4 0.616336 0.979650 0.175828 0.040700
4 0.804938 0.668232 0.025093 0.040331
4 0.270261 0.393497 0.039939 0.037702
4 0.748767 0.825095 0.090301 0.040967
4 0.748152 0.667935 0.089496 0.039546
4 0.805732 0.590462 0.023629 0.040675
4 0.748469 0.979891 0.090897 0.040217
0 0.287608 0.026175 0.045144 0.027359
0 0.477245 0.096736 0.022318 0.040397
4 0.398399 0.786063 0.221244 0.040176
0 0.200157 0.213092 0.021603 0.037902
0 0.502832 0.096718 0.023260 0.041458
2 0.113367 0.092790 0.147003 0.043286
4 0.398873 0.979712 0.219400 0.040575
4 0.748038 0.707336 0.088706 0.040287
4 0.270846 0.863771 0.040818 0.041740
4 0.270647 0.707607 0.041276 0.040818
4 0.747769 0.590194 0.087463 0.039941
4 0.518116 0.629252 0.023068 0.040328
0 0.172204 0.213532 0.022449 0.038343
4 0.903035 0.786209 0.174178 0.039735
4 0.518116 0.707970 0.023000 0.039024
4 0.902326 0.942355 0.173032 0.041234
4 0.904843 0.587773 0.171846 0.038515
0 0.345248 0.026890 0.046117 0.027706
4 0.518133 0.825489 0.023022 0.039221
4 0.805308 0.707473 0.024817 0.040465
4 0.902527 0.979994 0.172629 0.040011
0 0.123417 0.027146 0.027336 0.028103
4 0.748050 0.550383 0.088368 0.040148
0 0.425551 0.096349 0.023358 0.042056
4 0.902621 0.668447 0.171160 0.040060
4 0.903641 0.903608 0.174250 0.040031
0 0.049572 0.025644 0.093044 0.031208
4 0.804604 0.512286 0.024283 0.040039
4 0.398624 0.903616 0.220934 0.040343
4 0.270600 0.668492 0.041356 0.041414
0 0.200592 0.094905 0.021498 0.041526
4 0.616157 0.550207 0.175478 0.041015
4 0.518024 0.590944 0.022733 0.038289
0 0.561178 0.096431 0.023463 0.040844
4 0.270705 0.825130 0.040959 0.040969
4 0.270628 0.590595 0.041333 0.040231
4 0.270672 0.785884 0.041376 0.041321
4 0.270667 0.903679 0.041400 0.041754
4 0.399072 0.550531 0.218166 0.040442
4 0.270117 0.432551 0.040006 0.039211
0 0.397236 0.027463 0.031457 0.028414
4 0.270691 0.942734 0.041225 0.040426
0 0.534766 0.097668 0.023675 0.041368
4 0.270493 0.551053 0.041333 0.041805
4 0.518193 0.980127 0.023208 0.038222
4 0.518093 0.943174 0.022763 0.039656
4 0.903778 0.550388 0.170127 0.039956
4 0.270828 0.979638 0.040692 0.038758
0 0.019571 0.096384 0.022020 0.041033
0 0.373424 0.213235 0.020141 0.035012
0 0.341737 0.096835 0.021983 0.042055
0 0.393459 0.095976 0.021733 0.042817
0 0.619686 0.095977 0.023518 0.041097
4 0.749295 0.511021 0.090758 0.040508
0 0.367466 0.096936 0.022653 0.043050
0 0.097962 0.211171 0.087466 0.035889
4 0.400895 0.511014 0.214792 0.041589
4 0.615843 0.511767 0.175860 0.037686
4 0.903215 0.511164 0.175308 0.038162
4 0.804421 0.394768 0.023353 0.040120
0 0.121903 0.337539 0.198032 0.027993
4 0.805039 0.472483 0.024610 0.039168
0 0.131992 0.464903 0.167350 0.032211
4 0.748518 0.471718 0.091017 0.040288
4 0.517512 0.511742 0.022140 0.038163
4 0.804852 0.433937 0.024157 0.040012
2 0.120678 0.431596 0.188441 0.032222
4 0.517193 0.472222 0.021548 0.039107
0 0.077163 0.305866 0.107536 0.028055
4 0.804587 0.354617 0.023466 0.039272
4 0.615980 0.472853 0.175563 0.039031
4 0.399803 0.354624 0.214350 0.040121
0 0.023173 0.210303 0.024222 0.041721
4 0.748682 0.393669 0.090258 0.041391
4 0.904790 0.473063 0.172532 0.039241
4 0.749047 0.431912 0.091552 0.039482
4 0.401020 0.471037 0.212412 0.041895
4 0.517528 0.394704 0.022094 0.039293
4 0.401465 0.394486 0.212552 0.041853
4 0.399593 0.431500 0.214684 0.040182
0 0.121781 0.368592 0.194737 0.027478
4 0.806294 0.825671 0.022720 0.040500
4 0.904237 0.432904 0.173073 0.039989
2 0.049588 0.400116 0.081884 0.032529
4 0.804343 0.784723 0.021870 0.034442
4 0.804598 0.865566 0.021361 0.039226
4 0.804598 0.904314 0.021361 0.036356
4 0.804343 0.942583 0.021870 0.040183
4 0.803835 0.981337 0.020852 0.037325
4 0.748365 0.352499 0.088496 0.036189
4 0.518148 0.353102 0.023086 0.037396
4 0.517507 0.432115 0.021803 0.038602
4 0.616583 0.354308 0.172502 0.039808
4 0.615942 0.394720 0.172502 0.041015
4 0.615301 0.432719 0.173785 0.037396
4 0.904194 0.352499 0.173144 0.036189
4 0.903553 0.392307 0.171861 0.041015